Reading ID, Time (ms), Force (N)

0,2741844,328
1,2742839,8908
2,2745837,217
3,2748848,282
4,2751837,17920
5,2754840,363
6,2757838,296
7,2760843,9018
8,2763838,-8436
9,2766839,278
10,2769838,303
11,2772838,9113
12,2775849,259
13,2778838,238
14,2781835,278
15,2784834,17883
16,2787835,395
17,2790834,369
18,2793835,9121
19,2796844,292
20,2799835,336
21,2802834,396
22,2805835,301
23,2808834,249
24,2811845,292
25,2814834,322
26,2817848,17902
27,2822851,368
28,2825835,390
29,2828834,8947
30,2831835,208
31,2834835,9057
32,2837835,379
33,2840835,366
34,2843835,296
35,2846844,301
36,2849835,17878
37,2852845,358
38,2855835,413
39,2858835,303
40,2861846,8894
41,2864835,276
42,2867835,323
43,2870843,367
44,2873841,310
45,2876835,227
46,2879835,186
47,2882835,195
48,2885835,299
49,2888845,420
50,2891835,-8481
51,2894834,270
52,2897835,-8474
53,2900842,325
54,2903845,379
55,2906835,417
56,2909847,9032
57,2912835,216
58,2915835,291
59,2918845,337
60,2921837,388
61,2924837,326
62,2927835,8978
63,2930836,265
70,2951844,9177
71,2954838,398
72,2957835,338
73,2960842,270
74,2963837,9137
75,2966840,323
76,2969840,371
77,2972837,366
78,2975839,299
79,2978838,290
80,2981841,9111
81,2984837,394
82,2987841,410
83,2990839,278
84,2993839,184
85,2996841,293
86,2999845,312
87,3002841,17851
88,3005846,358
89,3008842,296
90,3011838,262
91,3014839,268
92,3017841,17903
93,3020837,348
94,3023840,9048
95,3026836,236
96,3029841,9067
97,3032838,298
98,3035836,325
99,3038690,299
100,3041697,282
101,3044723,232
102,3048841,301
103,3051840,324
104,3054834,371
105,3057443,325
106,3059859,194
107,3062876,237
108,3065904,318
109,3068925,364
110,3071951,347
111,3074975,282
112,3078001,254
113,3081035,9060
114,3084052,351
115,3087079,385
116,3090103,328
117,3093139,215
118,3096851,258
119,3099843,317
120,3102836,341
121,3105842,391
122,3108836,17825
123,3111528,273
124,3114318,9107
125,3117339,307
126,3120357,386
127,3123382,402
128,3126406,256
129,3129433,293
130,3132458,346
131,3135482,376
132,3138509,427
133,3141533,332
134,3145840,246
135,3148838,281
136,3151849,363
137,3153711,361
138,3156661,345
139,3159686,247
140,3162719,-8456
141,3165744,17981
142,3168761,428
143,3171797,579
144,3174822,316
145,3177848,8997
146,3180870,260
147,3183889,343
148,3186913,399
149,3189940,310
150,3194841,273
151,3197850,261
152,3200838,247
153,3203841,361
154,3206834,358
155,3208128,9068
156,3211129,277
157,3214145,261
158,3217175,320
159,3220195,404
160,3223234,359
161,3226259,270
162,3229284,258
163,3232299,287
164,3235330,348
165,3238350,348
166,3242841,252
167,3245848,275
168,3248837,-8466
169,3250692,337
170,3253494,-8369
171,3256519,376
172,3259531,253
173,3262555,251
174,3265582,310
175,3268610,-8398
176,3271645,364
177,3274658,237
178,3277683,202
179,3280709,270
180,3283743,9168
181,3286772,446
182,3290840,385
183,3293840,247
184,3296838,242
185,3299840,300
186,3302838,373
187,3304920,489
188,3307941,278
189,3310967,232
190,3314002,234
191,3317027,9112
192,3320046,395
193,3323067,300
194,3326094,222
195,3329122,9088
196,3332157,307
197,3335172,381
198,3339842,407
199,3342840,-8462
200,3344567,259
201,3347274,278
202,3350299,305
203,3353325,381
204,3356350,330
205,3359386,193
206,3362403,193
207,3365427,283
208,3368453,365
209,3371477,366
210,3374513,290
211,3377530,9053
212,3380566,304
213,3383579,351
214,3387841,398
215,3390838,314
216,3393853,260
217,3395683,295
218,3398705,287
219,3401740,9136
220,3404761,330
221,3407782,280
222,3410806,270
223,3413839,333
224,3416863,374
225,3419896,417
226,3422919,356
227,3425939,268
228,3428970,250
229,3431983,259
230,3436842,9281
231,3439840,438
232,3441249,300
233,3444099,252
234,3447116,9006
235,3450149,280
236,3453165,406
237,3456188,387
238,3459213,308
239,3462239,320
240,3465264,309
241,3468290,359
242,3471315,371
243,3474338,297
244,3477366,250
245,3480389,319
246,3484840,320
247,3487840,352
248,3490840,347
249,3492494,287
250,3495518,250
251,3498552,17835
252,3501567,422
253,3504599,402
254,3507622,280
255,3510643,276
256,3513681,283
257,3516697,355
258,3519729,9274
259,3522746,365
260,3525771,248
261,3528795,264
262,3533841,320
263,3536842,356
264,3538133,9154
265,3540901,255
266,3543922,285
267,3546949,293
268,3549973,320
269,3553000,382
270,3556035,375
271,3559050,333
272,3562085,247
273,3565101,237
274,3568136,332
275,3571152,381
276,3574176,286
277,3577203,241
278,3581839,246
279,3584841,293
280,3587852,421
281,3590838,374
282,3592333,284
283,3595366,295
284,3598389,336
285,3601421,403
286,3604442,9285
287,3607458,300
288,3610485,283
289,3613519,302
290,3616545,264
291,3619572,382
292,3622584,363
293,3625622,9019
294,3629842,278
295,3632839,316
296,3634689,351
297,3637725,9314
298,3640750,-8354
299,3643763,280
300,3646787,244
301,3649813,274
302,3652845,338
303,3655875,320
304,3658903,278
305,3661928,276
306,3664940,256
307,3667966,294
308,3670991,367
309,3674016,304
310,3678840,237
311,3681838,330
312,3684841,310
313,3686553,318
314,3689153,9288
315,3692183,307
316,3695203,219
317,3698224,301
318,3701254,355
319,3704270,385
320,3707294,314
321,3710331,250
322,3713345,271
323,3716375,17818
324,3719409,527
325,3722431,9132
326,3726841,247
327,3729840,261
328,3732840,336
329,3734524,419
330,3737552,446
331,3740580,299
332,3743602,212
333,3746625,228
334,3749662,352
335,3752686,411
336,3755705,357
337,3758739,260
338,3761764,220
339,3764776,281
340,3767803,395
341,3770835,418
342,3775843,270
343,3778840,256
344,3780151,349
345,3782941,368
346,3785966,17958
347,3788986,320
348,3792010,224
349,3795038,222
350,3798057,288
351,3801090,277
352,3804117,357
353,3807141,9025
354,3810158,231
355,3813182,265
356,3816209,326
357,3819233,377
358,3823846,347
359,3826842,275
360,3829852,275
361,3831476,368
362,3834364,384
363,3837385,416
364,3840422,346
365,3843452,246
366,3846462,329
367,3849486,348
368,3852512,399
369,3855537,424
370,3858572,9090
371,3861588,272
372,3864624,334
373,3867638,376
374,3871841,-8321
375,3874841,309
376,3876727,294
377,3879741,311
378,3882767,364
379,3885807,427
380,3888818,353
381,3891859,9051
382,3894869,230
383,3897894,277
384,3900920,352
385,3903945,381
386,3906971,276
387,3909997,271
388,3913022,353
389,3916047,354
390,3920848,443
391,3923841,397
392,3926841,9012
393,3928557,250
394,3931173,314
395,3934200,412
396,3937224,466
397,3940250,345
398,3943285,9040
399,3946315,285
400,3949325,317
401,3952352,306
402,3955379,9134
403,3958402,247
404,3961427,288
405,3964463,305
406,3968848,9116
407,3971841,395
408,3973541,357
409,3976563,9076
410,3979578,299
411,3982604,361
412,3985627,375
413,3988664,381
414,3991689,270
415,3994718,225
416,3997731,288
417,4000755,314
418,4003778,434
419,4006805,370
420,4009835,266
421,4012862,307
422,4017841,360
423,4020840,368
424,4023840,435
425,4025841,301
426,4027992,8951
427,4031006,288
428,4034031,340
429,4037065,351
430,4040085,280
431,4043120,243
432,4046131,9025
433,4049167,326
434,4052181,392
435,4055215,425
436,4058231,301
437,4061266,8985
438,4065841,331
439,4068840,334
440,4070350,352
441,4073358,-8396
442,4076383,288
443,4079412,307
444,4082434,270
445,4085459,328
446,4088499,402
447,4091515,267
448,4094534,278
449,4097559,320
450,4100585,334
451,4103610,393
452,4106635,352
453,4109671,309
454,4113841,9158
455,4116840,398
456,4119841,9310
457,4121767,380
458,4124793,332
459,4127811,317
460,4130847,337
461,4133875,369
462,4136887,394
463,4139926,314
464,4142937,192
465,4145971,9040
466,4148988,311
467,4152012,411
468,4155038,451
469,4158062,271
470,4162841,222
471,4165840,278
472,4167150,325
473,4170176,329
474,4173201,298
475,4176218,255
476,4179238,255
477,4182265,338
478,4185288,366
479,4188314,364
480,4191349,277
481,4194367,9019
482,4197397,286
483,4200415,326
484,4203448,17941
485,4206474,296
486,4210840,238
487,4213842,241
488,4216839,227
489,4218579,358
490,4221588,389
491,4224618,9075
492,4227639,293
493,4230675,9164
494,4233690,376
495,4236716,391
496,4239741,341
497,4242766,253
498,4245790,277
499,4248816,385
500,4251847,430
501,4254866,417
502,4259840,337
503,4262841,263
504,4264507,9129
505,4266971,351
506,4269993,404
507,4273017,346
508,4276053,210
509,4279078,9017
510,4282102,269
511,4285117,372
512,4288153,375
513,4291178,247
514,4294197,212
515,4297222,353
516,4300245,386
517,4303269,421
518,4307841,375
519,4310840,261
520,4313840,308
521,4315467,9085
522,4318409,384
523,4321425,9173
524,4324460,322
525,4327472,327
526,4330497,341
527,4333522,303
528,4336547,348
529,4339582,328
530,4342609,256
531,4345631,234
532,4348658,284
533,4351683,379
534,4355841,400
535,4358841,285
536,4360750,252
537,4363776,333
538,4366807,9168
539,4369825,405
540,4372856,330
541,4375875,195
542,4378900,197
543,4381926,277
544,4384950,412
545,4387976,437
546,4391011,332
547,4394039,293
548,4397066,293
549,4400087,9207
550,4404841,421
551,4407839,354
552,4410840,314
553,4412427,-8449
554,4415204,360
555,4418230,397
556,4421265,362
557,4424281,311
558,4427305,294
559,4430328,296
560,4433355,323
561,4436382,383
562,4439404,375
563,4442438,229
564,4445458,72
565,4448491,300
566,4451842,399
567,4454838,417
568,4457838,337
569,4460584,296
570,4463603,306
571,4466628,343
572,4469657,402
573,4472688,380
574,4475706,267
575,4478743,289
576,4481754,346
577,4484788,9253
578,4487815,421
579,4490848,489
580,4493869,258
581,4496889,260
582,4501842,335
583,4504839,535
584,4507852,362
585,4510840,298
586,4512017,329
587,4515032,486
588,4518064,9267
589,4521081,503
590,4524105,355
591,4527129,249
592,4530165,200
593,4533184,259
594,4536205,361
595,4539230,334
596,4542255,254
597,4545280,282
598,4549842,308
599,4552841,9113
600,4554372,368
601,4557389,333
602,4560417,250
603,4563432,289
604,4566458,353
605,4569495,9308
606,4572518,382
607,4575544,216
608,4578573,268
609,4581598,375
610,4584610,352
611,4587634,364
612,4590660,323
613,4593684,255
614,4597839,261
615,4600849,9072
616,4603843,9212
617,4605802,386
618,4608815,345
619,4611855,280
620,4614865,319
621,4617887,383
622,4620913,369
623,4623938,287
624,4626963,185
625,4629999,264
626,4633025,356
627,4636049,410
628,4639072,-8392
629,4642093,250
630,4646841,225
631,4649853,282
632,4651177,349
633,4654200,9287
634,4657217,360
635,4660242,253
636,4663264,288
637,4666293,285
638,4669325,421
639,4672341,410
640,4675365,283
641,4678391,235
642,4681416,301
643,4684441,348
644,4687475,9302
645,4690491,364
646,4694840,278
647,4697840,287
648,4700841,407
649,4702595,434
650,4705624,447
651,4708644,347
652,4711667,311
653,4714692,312
654,4717717,383
655,4720752,440
656,4723770,328
657,4726791,207
658,4729834,255
659,4732849,344
660,4735876,-8377
661,4738896,339
662,4743841,294
663,4746850,309
664,4748154,322
665,4751001,314
666,4754028,393
667,4757042,331
668,4760082,315
669,4763106,391
670,4766118,400
671,4769144,397
672,4772176,9145
673,4775205,9042
674,4778229,295
675,4781243,342
676,4784270,381
677,4787293,424
678,4791841,331
679,4794840,267
680,4797842,319
681,4799406,365
682,4802433,403
683,4805456,-8357
684,4808482,304
685,4811496,264
686,4814523,288
687,4817544,344
688,4820582,443
689,4823608,-8428
690,4826620,227
691,4829645,269
692,4832670,355
693,4835694,339
694,4839842,332
695,4842850,282
696,4844776,285
697,4847797,317
698,4850823,359
699,4853862,336
700,4856883,9183
701,4859900,267
702,4862924,296
703,4865948,334
704,4868984,356
705,4872009,334
706,4875024,286
707,4878059,257
708,4881074,280
709,4884116,315
710,4888840,380
711,4891842,9214
712,4894840,297
713,4896519,306
714,4899232,17866
715,4902250,357
716,4905283,374
717,4908315,317
718,4911323,289
719,4914351,348
720,4917374,400
721,4920401,438
722,4923425,311
723,4926463,240
724,4929475,270
725,4932501,298
726,4936840,348
727,4939841,364
728,4941586,8993
729,4944605,281
730,4947626,320
731,4950651,360
732,4953688,385
733,4956704,347
734,4959726,226
735,4962761,216
736,4965776,300
737,4968811,17893
738,4971842,378
739,4974867,8999
740,4977876,287
741,4980902,325
742,4985841,349
743,4988840,417
744,4991841,367
745,4993417,8982
746,4996037,292
747,4999054,333
748,5002088,386
749,5005110,375
750,5008125,251
751,5011151,244
752,5014175,306
753,5017201,378
754,5020225,401
755,5023252,314
756,5026285,8993
757,5029301,261
758,5032841,17886
759,5035841,9314
760,5038837,415
761,5041417,316
762,5044438,296
763,5047454,9091
764,5050486,318
765,5053501,376
766,5056525,322
767,5059560,8976
768,5062590,278
769,5065601,-8449
770,5068626,384
771,5071650,397
772,5074676,322
773,5077703,279
774,5080841,9058
775,5083837,9109
776,5086839,17932
777,5089837,9158
778,5094842,263
779,5096100,263
780,5098881,314
781,5101902,387
782,5104928,407
783,5107951,276
784,5110987,8993
785,5114003,289
786,5117031,-8372
787,5120051,413
788,5123088,17865
789,5126111,241
790,5130841,284
791,5133841,291
792,5135194,-8230
793,5138212,375
794,5141227,260
795,5144260,8857
796,5147279,239
797,5150301,300
798,5153339,402
799,5156353,401
800,5159380,286
801,5162400,302
802,5165427,307
803,5168452,379
804,5171483,447
805,5174515,321
806,5177841,257
807,5180841,-8454
808,5183837,9067
809,5186842,359
810,5189837,339
811,5192653,254
812,5195688,211
813,5198702,387
814,5201729,588
815,5204762,468
816,5207781,351
817,5210805,274
818,5213835,258
819,5216860,320
820,5219877,399
821,5222904,350
822,5227842,233
823,5230841,300
824,5232127,349
825,5235015,366
826,5238041,-8393
827,5241068,339
828,5244091,263
829,5247105,300
830,5250127,330
831,5253154,363
832,5256184,-8421
833,5259207,241
834,5262227,157
835,5265265,-8482
836,5268276,379
837,5271314,17982
838,5275841,299
839,5278839,225
840,5281841,285
841,5283562,329
842,5286444,369
843,5289452,367
844,5292486,316
845,5295512,349
846,5298531,341
847,5301551,368
848,5304576,383
849,5307600,337
850,5310626,262
851,5313660,9017
852,5316679,311
853,5319715,447
854,5322842,-8411
855,5325837,9006
856,5328840,212
857,5331837,310
858,5334852,357
859,5337863,374
860,5340877,312
861,5343902,237
862,5346927,289
863,5349962,17871
864,5352981,374
865,5356012,379
866,5359027,294
867,5362060,308
868,5365087,-8441
869,5368112,407
870,5372840,426
871,5375849,9156
872,5378840,198
873,5380457,285
874,5383230,350
875,5386264,393
876,5389273,331
877,5392299,218
878,5395325,229
879,5398354,323
880,5401374,360
881,5404400,426
882,5407424,313
883,5410449,269
884,5413483,320
885,5416499,335
886,5420853,400
887,5423848,9256
888,5425581,341
889,5428600,351
890,5431639,-8358
891,5434656,432
892,5437673,398
893,5440700,9048
894,5443732,219
895,5446750,300
896,5449771,326
897,5452795,363
898,5455822,369
899,5458863,318
900,5461882,321
901,5464910,-8422
902,5468841,399
903,5471840,459
904,5474841,376
905,5476999,310
906,5480021,333
907,5483056,9262
908,5486085,9183
909,5489096,379
910,5492120,248
911,5495155,196
912,5498170,312
913,5501195,349
914,5504231,383
915,5507245,346
916,5510279,253
917,5513294,327
918,5517841,9229
919,5520840,430
920,5522373,369
921,5525395,264
922,5528419,275
923,5531444,354
924,5534472,444
925,5537497,287
926,5540533,264
927,5543543,226
928,5546569,281
929,5549593,304
930,5552618,396
931,5555643,376
932,5558680,262
933,5561695,249
934,5564850,9058
935,5567844,9256
936,5570841,304
937,5573836,316
938,5576841,260
939,5580144,270
940,5582871,276
941,5585897,397
942,5588931,380
943,5591943,248
944,5594977,208
945,5598004,269
946,5601028,9279
947,5604043,434
948,5607069,361
949,5610094,283
950,5614841,280
951,5617841,324
952,5619170,364
953,5622211,349
954,5625230,290
955,5628260,9114
956,5631279,298
957,5634295,344
958,5637320,362
959,5640346,316
960,5643380,307
961,5646399,17860
962,5649424,298
963,5652456,401
964,5655470,402
965,5658505,272
966,5662839,284
967,5665841,334
968,5668841,351
969,5671838,410
970,5673638,333
971,5676659,254
972,5679672,298
973,5682696,346
974,5685731,9304
975,5688762,403
976,5691773,283
977,5694796,235
978,5697822,268
979,5700854,412
980,5703883,454
981,5706908,370
982,5710841,279
983,5713841,273
984,5715978,357
985,5719009,464
986,5722038,-8050
987,5725062,320
988,5728073,-8435
989,5731098,373
990,5734134,398
991,5737157,444
992,5740184,349
993,5743201,248
994,5746224,313
995,5749248,375
996,5752274,417
997,5755299,432
998,5758841,279
999,5761841,284
1000,5764846,348
1001,5767837,460
1002,5770440,9441
1003,5773465,9167
1004,5776475,250
1005,5779500,287
1006,5782524,354
1007,5785549,393
1008,5788575,343
1009,5791599,239
1010,5794624,280
1011,5797660,323
1012,5800684,374
1013,5803701,469
1014,5806844,348
1015,5809837,217
1016,5812839,296
1017,5815837,526
1018,5818834,421
1019,5821867,488
1020,5824874,252
1021,5827915,250
1022,5830924,313
1023,5833959,18072
1024,5836973,409
1025,5839998,310
1026,5843030,198
1027,5846052,267
1028,5849087,-8422
1029,5852099,358
1030,5856841,408
1031,5859839,324
1032,5862841,291
1033,5864538,369
1034,5867224,387
1035,5870249,398
1036,5873287,351
1037,5876302,348
1038,5879336,349
1039,5882349,350
1040,5885374,427
1041,5888398,404
1042,5891426,-8480
1043,5894461,254
1044,5897474,290
1045,5900497,369
1046,5904842,405
1047,5907840,356
1048,5909578,313
1049,5912610,17868
1050,5915623,367
1051,5918657,417
1052,5921683,367
1053,5924704,345
1054,5927727,322
1055,5930759,306
1056,5933772,316
1057,5936796,458
1058,5939837,9314
1059,5942862,273
1060,5945874,315
1061,5948910,-8446
1062,5952841,377
1063,5955838,348
1064,5958841,305
1065,5961008,330
1066,5964031,322
1067,5967048,349
1068,5970082,17953
1069,5973093,-8464
1070,5976120,299
1071,5979143,311
1072,5982169,296
1073,5985203,377
1074,5988231,400
1075,5991251,9044
1076,5994267,236
1077,5997304,9043
1078,6001842,355
1079,6004841,440
1080,6006366,353
1081,6009393,287
1082,6012415,333
1083,6015443,349
1084,6018480,-8401
1085,6021490,291
1086,6024523,9069
1087,6027539,247
1088,6030574,305
1089,6033592,17954
1090,6036617,391
1091,6039638,390
1092,6042663,295
1093,6045699,292
1094,6049841,352
1095,6052839,552
1096,6055840,563
1097,6057793,315
1098,6060818,306
1099,6063844,330
1100,6066876,331
1101,6069901,17910
1102,6072912,410
1103,6075941,284
1104,6078961,310
1105,6081987,298
1106,6085021,17875
1107,6088038,374
1108,6091075,388
1109,6094099,295
1110,6097840,313
1111,6100838,17860
1112,6103854,479
1113,6106843,366
1114,6109224,9070
1115,6112239,338
1116,6115261,378
1117,6118285,373
1118,6121320,407
1119,6124347,286
1120,6127366,277
1121,6130384,359
1122,6133410,340
1123,6136434,359
1124,6139460,410
1125,6142495,334
1126,6146841,296
1127,6149841,345
1128,6151574,340
1129,6154586,384
1130,6157618,360
1131,6160645,326
1132,6163669,300
1133,6166694,341
1134,6169711,725
1135,6172748,-8374
1136,6175759,346
1137,6178783,9039
1138,6181808,334
1139,6184839,381
1140,6187864,398
1141,6190883,309
1142,6195841,246
1143,6198840,268
1144,6201841,339
1145,6203494,398
1146,6206015,370
1147,6209033,342
1148,6212063,366
1149,6215083,316
1150,6218108,332
1151,6221144,408
1152,6224169,402
1153,6227195,385
1154,6230221,314
1155,6233234,293
1156,6236261,336
1157,6239284,387
1158,6243841,356
1159,6246841,9055
1160,6248361,322
1161,6251394,417
1162,6254408,478
1163,6257437,314
1164,6260458,270
1165,6263498,243
1166,6266521,349
1167,6269534,424
1168,6272558,355
1169,6275583,283
1170,6278617,9076
1171,6281636,9158
1172,6284658,409
1173,6287683,399
1174,6291841,288
1175,6294840,279
1176,6297841,264
1177,6299786,326
1178,6302808,439
1179,6305840,402
1180,6308864,289
1181,6311883,319
1182,6314909,366
1183,6317933,390
1184,6320958,420
1185,6323993,354
1186,6327010,264
1187,6330036,17850
1188,6333057,361
1189,6336085,-8348
1190,6339842,449
1191,6342840,302
1192,6345158,271
1193,6348189,378
1194,6351225,379
1195,6354232,376
1196,6357259,17854
1197,6360282,283
1198,6363316,9153
1199,6366332,394
1200,6369357,9197
1201,6372382,368
1202,6375406,272
1203,6378443,306
1204,6381456,335
1205,6384482,385
1206,6388840,407
1207,6391840,308
1208,6394850,224
1209,6396585,310
1210,6399613,392
1211,6402645,443
1212,6405656,425
1213,6408681,324
1214,6411707,339
1215,6414741,9291
1216,6417759,414
1217,6420781,417
1218,6423806,386
1219,6426846,-8468
1220,6429863,302
1221,6432892,349
1222,6437846,385
1223,6440840,543
1224,6442125,333
1225,6444997,343
1226,6448016,9161
1227,6451034,378
1228,6454057,377
1229,6457082,336
1230,6460107,243
1231,6463143,261
1232,6466157,337
1233,6469182,387
1234,6472207,377
1235,6475232,292
1236,6478257,329
1237,6481282,403
1238,6485840,410
1239,6488840,373
1240,6491841,352
1241,6493509,299
1242,6496418,338
1243,6499441,9206
1244,6502460,447
1245,6505490,287
1246,6508508,260
1247,6511540,277
1248,6514568,325
1249,6517582,381
1250,6520608,439
1251,6523632,292
1252,6526658,258
1253,6529681,307
1254,6533841,9114
1255,6536840,341
1256,6538759,370
1257,6541783,268
1258,6544807,337
1259,6547840,405
1260,6550868,355
1261,6553883,409
1262,6556907,370
1263,6559932,299
1264,6562957,286
1265,6565994,381
1266,6569008,17948
1267,6572048,9183
1268,6575062,361
1269,6578086,321
1270,6582840,373
1271,6585842,393
1272,6588840,489
1273,6591822,356
1274,6593207,246
1275,6596238,-8488
1276,6599255,341
1277,6602283,420
1278,6605314,401
1279,6608339,249
1280,6611363,271
1281,6614394,327
1282,6617412,9270
1283,6620427,405
1284,6623463,347
1285,6626479,310
1286,6629839,298
1287,6632842,-8362
1288,6635840,634
1289,6638593,17869
1290,6641615,321
1291,6644625,315
1292,6647650,333
1293,6650674,360
1294,6653715,17933
1295,6656737,-8429
1296,6659749,279
1297,6662774,355
1298,6665809,376
1299,6668841,702
1300,6671855,398
1301,6674873,298
1302,6679839,314
1303,6682848,393
1304,6685848,18277
1305,6687539,480
1306,6690009,370
1307,6693026,270
1308,6696048,9162
1309,6699084,369
1310,6702105,9350
1311,6705119,455
1312,6708145,340
1313,6711169,269
1314,6714193,291
1315,6717219,354
1316,6720251,437
1317,6723278,371
1318,6727849,244
1319,6730840,9116
1320,6732357,17893
1321,6735368,408
1322,6738393,432
1323,6741416,285
1324,6744440,251
1325,6747465,349
1326,6750500,392
1327,6753524,9293
1328,6756539,364
1329,6759573,331
1330,6762589,274
1331,6765617,9112
1332,6768639,413
1333,6771680,459
1334,6774841,363
1335,6777838,267
1336,6780839,242
1337,6783837,333
1338,6786840,9379
1339,6789838,419
1340,6792848,260
1341,6795865,255
1342,6798888,351
1343,6801913,427
1344,6804954,423
1345,6807961,341
1346,6810987,300
1347,6814011,375
1348,6817036,440
1349,6820061,434
1350,6824841,329
1351,6827844,264
1352,6830840,337
1353,6832421,417
1354,6835194,430
1355,6838217,9321
1356,6841236,292
1357,6844268,9038
1358,6847282,320
1359,6850320,368
1360,6853332,451
1361,6856357,368
1362,6859385,277
1363,6862419,295
1364,6865434,344
1365,6868456,336
1366,6872851,9267
1367,6875840,345
1368,6877532,283
1369,6880568,330
1370,6883581,345
1371,6886616,392
1372,6889632,343
1373,6892653,323
1374,6895677,323
1375,6898712,349
1376,6901729,-8339
1377,6904757,409
1378,6907784,307
1379,6910800,252
1380,6913842,282
1381,6916866,359
1382,6921841,433
1383,6924840,9189
1384,6927840,305
1385,6929441,309
1386,6931977,339
1387,6934998,430
1388,6938023,396
1389,6941052,299
1390,6944073,288
1391,6947108,303
1392,6950128,17901
1393,6953154,435
1394,6956181,9252
1395,6959206,300
1396,6962224,-8475
1397,6965259,310
1398,6968840,434
1399,6971841,436
1400,6974836,352
1401,6977360,284
1402,6980370,315
1403,6983404,371
1404,6986419,436
1405,6989454,9253
1406,6992470,302
1407,6995494,311
1408,6998519,336
1409,7001543,361
1410,7004568,406
1411,7007596,332
1412,7010617,311
1413,7013642,323
1414,7017841,380
1415,7020840,475
1416,7023840,462
1417,7025897,305
1418,7028766,264
1419,7031789,336
1420,7034813,425
1421,7037858,485
1422,7040866,345
1423,7043889,279
1424,7046923,335
1425,7049938,390
1426,7052972,448
1427,7055999,384
1428,7059013,265
1429,7062037,247
1430,7066841,321
1431,7069842,408
1432,7071128,444
1433,7074148,9172
1434,7077161,260
1435,7080187,333
1436,7083219,-8411
1437,7086249,402
1438,7089261,353
1439,7092285,340
1440,7095310,269
1441,7098346,285
1442,7101363,-8204
1443,7104399,9051
1444,7107411,400
1445,7110446,334
1446,7114841,291
1447,7117838,320
1448,7120840,412
1449,7122546,9207
1450,7125562,266
1451,7128587,300
1452,7131619,341
1453,7134649,418
1454,7137659,427
1455,7140684,356
1456,7143708,281
1457,7146734,300
1458,7149761,-8072
1459,7152797,424
1460,7155808,357
1461,7158849,9074
1462,7163841,322
1463,7166841,354
1464,7168110,409
1465,7170933,485
1466,7173956,448
1467,7176998,-8379
1468,7180006,330
1469,7183030,394
1470,7186057,401
1471,7189080,404
1472,7192113,9034
1473,7195130,286
1474,7198154,348
1475,7201179,406
1476,7204204,434
1477,7207229,330
1478,7211843,253
1479,7214838,285
1480,7217849,390
1481,7219525,432
1482,7222351,382
1483,7225380,313
1484,7228414,366
1485,7231428,-8461
1486,7234451,400
1487,7237476,445
1488,7240500,337
1489,7243534,9005
1490,7246549,348
1491,7249576,375
1492,7252612,404
1493,7255625,364
1494,7259842,252
1495,7262840,292
1496,7264704,9180
1497,7267740,-8386
1498,7270748,286
1499,7273772,326
1500,7276807,271
1501,7279840,350
1502,7282852,398
1503,7285882,414
1504,7288911,404
1505,7291934,313
1506,7294946,252
1507,7297970,360
1508,7300996,397
1509,7304026,-8344
1510,7307840,360
1511,7310840,253
1512,7313841,287
1513,7316125,360
1514,7319155,434
1515,7322178,413
1516,7325203,302
1517,7328228,9108
1518,7331247,325
1519,7334269,318
1520,7337294,418
1521,7340329,412
1522,7343355,322
1523,7346368,363
1524,7349396,9126
1525,7352418,432
1526,7356842,461
1527,7359840,336
1528,7361518,9196
1529,7364530,536
1530,7367547,551
1531,7370583,606
1532,7373593,302
1533,7376616,293
1534,7379642,330
1535,7382676,384
1536,7385696,385
1537,7388729,392
1538,7391755,302
1539,7394765,308
1540,7397791,369
1541,7400814,407
1542,7405840,378
1543,7408839,330
1544,7411853,256
1545,7413467,276
1546,7415940,342
1547,7418965,375
1548,7422000,392
1549,7425017,272
1550,7428053,265
1551,7431065,339
1552,7434100,368
1553,7437114,417
1554,7440147,486
1555,7443164,287
1556,7446197,9202
1557,7449212,365
1558,7453841,366
1559,7456840,-8431
1560,7459840,270
1561,7461446,281
1562,7464344,392
1563,7467363,368
1564,7470387,448
1565,7473422,378
1566,7476439,240
1567,7479466,267
1568,7482486,325
1569,7485510,400
1570,7488540,389
1571,7491574,287
1572,7494585,276
1573,7497612,-8457
1574,7500840,369
1575,7503836,-8347
1576,7506841,391
1577,7509837,281
1578,7512739,323
1579,7515765,9064
1580,7518796,435
1581,7521808,408
1582,7524839,300
1583,7527864,351
1584,7530891,9264
1585,7533923,314
1586,7536932,427
1587,7539957,382
1588,7542981,285
1589,7546006,325
1590,7550841,330
1591,7553839,359
1592,7556853,363
1593,7558470,292
1594,7561139,284
1595,7564165,313
1596,7567188,347
1597,7570204,17965
1598,7573239,368
1599,7576252,298
1600,7579287,285
1601,7582311,315
1602,7585327,422
1603,7588353,564
1604,7591376,330
1605,7594412,293
1606,7598841,329
1607,7601841,409
1608,7603483,496
1609,7606509,394
1610,7609526,308
1611,7612550,337
1612,7615585,9167
1613,7618600,365
1614,7621625,375
1615,7624649,355
1616,7627681,367
1617,7630701,-8292
1618,7633724,414
1619,7636748,447
1620,7639773,367
1621,7642801,17820
1622,7647842,328
1623,7650843,9220
1624,7653840,450
1625,7655440,529
1626,7657930,17830
1627,7660947,315
1628,7663981,9119
1629,7667000,9177
1630,7670018,420
1631,7673045,363
1632,7676069,273
1633,7679094,332
1634,7682118,393
1635,7685154,404
1636,7688167,469
1637,7691192,391
1638,7695841,320
1639,7698840,347
1640,7700276,9367
1641,7703296,470
1642,7706325,362
1643,7709349,276
1644,7712367,-8420
1645,7715402,17835
1646,7718413,305
1647,7721438,457
1648,7724462,309
1649,7727497,-8480
1650,7730511,325
1651,7733547,9185
1652,7736564,18008
1653,7739597,345
1654,7743840,249
1655,7746840,267
1656,7749841,343
1657,7751706,564
1658,7754708,432
1659,7757733,345
1660,7760758,320
1661,7763783,364
1662,7766817,372
1663,7769847,387
1664,7772864,355
1665,7775881,273
1666,7778906,309
1667,7781931,343
1668,7784965,9296
1669,7787993,434
1670,7792842,335
1671,7795840,323
1672,7797123,-8431
1673,7800094,-8395
1674,7803118,401
1675,7806128,351
1676,7809153,318
1677,7812182,9253
1678,7815202,407
1679,7818236,9397
1680,7821265,416
1681,7824277,296
1682,7827301,328
1683,7830326,394
1684,7833352,280
1685,7836376,451
1686,7840840,523
1687,7843839,315
1688,7846841,341
1689,7848485,9040
1690,7851501,340
1691,7854528,394
1692,7857550,360
1693,7860573,334
1694,7863599,349
1695,7866622,356
1696,7869657,9400
1697,7872672,426
1698,7875699,9074
1699,7878722,300
1700,7881749,9123
1701,7884781,345
1702,7888842,408
1703,7891841,9087
1704,7893863,315
1705,7896883,17871
1706,7899908,17921
1707,7902931,9384
1708,7905946,415
1709,7908969,274
1710,7911994,324
1711,7915022,348
1712,7918047,9152
1713,7921069,422
1714,7924093,329
1715,7927119,288
1716,7930154,354
1717,7933179,370
1718,7937852,9326
1719,7940842,434
1720,7943841,277
1721,7945822,279
1722,7948307,9114
1723,7951318,385
1724,7954349,9250
1725,7957370,382
1726,7960401,284
1727,7963418,304
1728,7966444,301
1729,7969467,342
1730,7972508,526
1731,7975530,276
1732,7978542,270
1733,7981568,332
1734,7985843,401
1735,7988841,9380
1736,7990649,355
1737,7993669,293
1738,7996694,329
1739,7999729,374
1740,8002754,455
1741,8005784,402
1742,8008793,279
1743,8011817,247
1744,8014849,306
1745,8017867,351
1746,8020892,429
1747,8023917,368
1748,8026942,321
1749,8029977,326
1750,8034839,370
1751,8037840,437
1752,8040841,434
1753,8042530,332
1754,8045102,17859
1755,8048118,402
1756,8051152,459
1757,8054167,530
1758,8057193,419
1759,8060227,254
1760,8063241,349
1761,8066276,459
1762,8069291,472
1763,8072326,9379
1764,8075351,290
1765,8078367,327
1766,8082841,372
1767,8085839,391
1768,8088840,415
1769,8090523,319
1770,8093494,284
1771,8096516,362
1772,8099542,393
1773,8102566,400
1774,8105591,405
1775,8108616,283
1776,8111639,277
1777,8114666,343
1778,8117691,384
1779,8120716,442
1780,8123750,9250
1781,8126765,310
1782,8130841,17867
1783,8133840,379
1784,8135851,374
1785,8138867,375
1786,8141892,276
1787,8144925,321
1788,8147941,360
1789,8150975,405
1790,8154002,407
1791,8157025,9079
1792,8160040,264
1793,8163065,337
1794,8166090,370
1795,8169127,-8374
1796,8172154,17818
1797,8175164,296
1798,8179841,290
1799,8182839,368
1800,8185846,452
1801,8188819,717
1802,8190291,336
1803,8193315,272
1804,8196339,318
1805,8199363,409
1806,8202398,481
1807,8205423,407
1808,8208444,316
1809,8211462,299
1810,8214496,250
1811,8217521,331
1812,8220547,359
1813,8223577,285
1814,8226851,254
1815,8229838,17827
1816,8232840,359
1817,8235680,17948
1818,8238684,439
1819,8241721,9120
1820,8244738,361
1821,8247759,341
1822,8250783,334
1823,8253814,9148
1824,8256852,285
1825,8259863,259
1826,8262895,345
1827,8265910,391
1828,8268932,416
1829,8271957,415
1830,8276841,379
1831,8279839,372
1832,8282841,412
1833,8284435,484
1834,8287095,513
1835,8290110,429
1836,8293136,263
1837,8296157,260
1838,8299183,313
1839,8302207,443
1840,8305233,464
1841,8308257,317
1842,8311293,318
1843,8314318,403
1844,8317334,356
1845,8320359,282
1846,8323842,339
1847,8326842,9017
1848,8329838,17883
1849,8332465,317
1850,8335483,346
1851,8338508,432
1852,8341533,393
1853,8344570,17840
1854,8347591,404
1855,8350607,392
1856,8353642,413
1857,8356657,333
1858,8359690,9029
1859,8362720,325
1860,8365736,357
1861,8368756,408
1862,8372839,380
1863,8375840,321
1864,8378841,293
1865,8380863,366
1866,8383880,432
1867,8386904,478
1868,8389928,388
1869,8392954,289
1870,8395990,324
1871,8399014,325
1872,8402032,9210
1873,8405054,491
1874,8408084,344
1875,8411111,9013
1876,8414127,303
1877,8417151,358
1878,8421841,446
1879,8424840,383
1880,8426227,290
1881,8429254,359
1882,8432276,414
1883,8435299,436
1884,8438324,428
1885,8441349,-8407
1886,8444377,-8455
1887,8447401,352
1888,8450422,396
1889,8453451,538
1890,8456472,334
1891,8459509,259
1892,8462521,358
1893,8465547,369
1894,8469840,391
1895,8472840,408
1896,8475841,9090
1897,8477648,305
1898,8480673,377
1899,8483695,436
1900,8486719,466
1901,8489744,382
1902,8492769,268
1903,8495803,9135
1904,8498819,319
1905,8501850,364
1906,8504869,445
1907,8507893,363
1908,8510918,358
1909,8513943,337
1910,8518841,374
1911,8521840,437
1912,8523137,-8278
1913,8526059,289
1914,8529066,230
1915,8532104,347
1916,8535117,422
1917,8538148,412
1918,8541166,305
1919,8544198,269
1920,8547215,321
1921,8550238,414
1922,8553265,439
1923,8556288,415
1924,8559314,301
1925,8562343,-8441
1926,8566841,382
1927,8569840,376
1928,8572841,396
1929,8574523,360
1930,8577465,308
1931,8580497,9134
1932,8583512,320
1933,8586540,692
1934,8589574,413
1935,8592586,272
1936,8595610,305
1937,8598646,375
1938,8601670,444
1939,8604688,520
1940,8607712,311
1941,8610748,307
1942,8613841,9148
1943,8616837,360
1944,8619840,409
1945,8623000,344
1946,8625866,233
1947,8628883,262
1948,8631912,357
1949,8634936,9133
1950,8637971,432
1951,8640982,345
1952,8644006,290
1953,8647032,345
1954,8650066,423
1955,8653091,396
1956,8656118,496
1957,8659144,315
1958,8662852,299
1959,8665841,314
1960,8668839,386
1961,8671837,-8062
1962,8674259,363
1963,8677289,9030
1964,8680305,275
1965,8683336,353
1966,8686356,516
1967,8689379,387
1968,8692415,330
1969,8695432,-8428
1970,8698463,9150
1971,8701478,401
1972,8704514,421
1973,8707533,359
1974,8710840,296
1975,8713840,336
1976,8716835,381
1977,8719842,414
1978,8722836,378
1979,8725850,316
1980,8728837,340
1981,8731835,366
1982,8734838,384
1983,8737839,724
1984,8740837,9113
1985,8745837,290
1986,8747329,351
1987,8749889,-8370
1988,8752898,421
1989,8755925,416
1990,8759855,286
1991,8762853,307
1992,8765836,366
1993,8768034,424
1994,8771067,443
1995,8774074,346
1996,8777106,264
1997,8780126,330
1998,8783157,9288
1999,8786173,489
2000,8789197,442
2001,8792233,331
2002,8795261,292
2003,8798273,305
2004,8801297,392
2005,8804322,428
2006,8808840,332
2007,8811841,-8468
2008,8814846,9118
2009,8816798,9150
2010,8819450,381
2011,8822472,375
2012,8825507,284
2013,8828537,282
2014,8831546,358
2015,8834577,418
2016,8837596,448
2017,8840630,374
2018,8843646,307
2019,8846681,325
2020,8849698,356
2021,8852734,419
2022,8855841,420
2023,8858836,318
2024,8861845,314
2025,8864995,344
2026,8867863,9305
2027,8870872,445
2028,8873892,345
2029,8876919,237
2030,8879942,286
2031,8882968,347
2032,8886002,431
2033,8889021,-8436
2034,8892044,-8480
2035,8895081,269
2036,8898103,349
2037,8901117,374
2038,8905840,396
2039,8908840,369
2040,8911841,313
2041,8913515,277
2042,8916244,329
2043,8919277,9413
2044,8922311,-8352
2045,8925318,261
2046,8928341,275
2047,8931368,331
2048,8934392,388
2049,8937415,480
2050,8940450,9142
2051,8943479,-8453
2052,8946494,351
2053,8949517,405
2054,8953841,9390
2055,8956840,414
2056,8958591,257
2057,8961618,186
2058,8964651,330
2059,8967675,418
2060,8970705,401
2061,8973714,313
2062,8976738,281
2063,8979765,379
2064,8982788,361
2065,8985824,418
2066,8988845,422
2067,8991863,340
2068,8994898,329
2069,8997912,354
2070,9002850,384
2071,9005839,435
2072,9008841,367
2073,9010525,320
2074,9013037,362
2075,9016073,9157
2076,9019098,445
2077,9022115,417
2078,9025147,294
2079,9028175,344
2080,9031190,416
2081,9034210,410
2082,9037243,9227
2083,9040270,336
2084,9043298,17829
2085,9046312,361
2086,9049841,562
2087,9052840,503
2088,9055836,443
2089,9058409,314
2090,9061435,320
2091,9064466,285
2092,9067486,346
2093,9070505,453
2094,9073543,9068
2095,9076554,252
2096,9079583,17854
2097,9082604,400
2098,9085640,490
2099,9088656,452
2100,9091682,381
2101,9094707,354
2102,9098842,9256
2103,9101840,451
2104,9104841,481
2105,9106818,416
2106,9109843,336
2107,9112867,351
2108,9115889,9064
2109,9118915,434
2110,9121946,9295
2111,9124961,280
2112,9127998,369
2113,9131026,379
2114,9134049,390
2115,9137076,471
2116,9140104,387
2117,9143113,330
2118,9147841,385
2119,9150841,389
2120,9152204,417
2121,9155214,442
2122,9158255,338
2123,9161263,272
2124,9164297,370
2125,9167321,429
2126,9170347,452
2127,9173361,378
2128,9176386,292
2129,9179410,291
2130,9182436,375
2131,9185470,458
2132,9188499,457
2133,9191509,377
2134,9195841,306
2135,9198839,363
2136,9201840,9190
2137,9203611,417
2138,9206644,9136
2139,9209660,210
2140,9212692,304
2141,9215709,17880
2142,9218742,431
2143,9221764,432
2144,9224780,283
2145,9227816,294
2146,9230845,354
2147,9233865,-8383
2148,9236879,437
2149,9239912,9286
2150,9244842,340
2151,9247840,360
2152,9249084,364
2153,9252004,372
2154,9255027,396
2155,9258053,336
2156,9261080,285
2157,9264101,367
2158,9267126,353
2159,9270150,439
2160,9273181,356
2161,9276200,264
2162,9279225,285
2163,9282251,387
2164,9285274,416
2165,9288301,400
2166,9291841,-8485
2167,9294839,305
2168,9297841,344
2169,9300837,9100
2170,9303442,295
2171,9306449,-8387
2172,9309484,310
2173,9312497,380
2174,9315522,378
2175,9318546,376
2176,9321571,398
2177,9324604,9083
2178,9327621,261
2179,9330645,336
2180,9333670,423
2181,9336694,501
2182,9340841,493
2183,9343848,294
2184,9346840,9087
2185,9348797,407
2186,9351836,467
2187,9354861,414
2188,9357874,264
2189,9360904,298
2190,9363930,383
2191,9366941,413
2192,9369966,376
2193,9372999,316
2194,9376026,311
2195,9379043,9111
2196,9382079,345
2197,9385089,415
2198,9389850,427
2199,9392843,323
2200,9394182,309
2201,9397187,319
2202,9400213,352
2203,9403235,441
2204,9406262,432
2205,9409296,9255
2206,9412309,338
2207,9415336,292
2208,9418357,-8429
2209,9421384,437
2210,9424408,328
2211,9427433,310
2212,9430457,370
2213,9433483,420
2214,9437839,450
2215,9440841,406
2216,9443842,9088
2217,9445594,318
2218,9448608,-8429
2219,9451644,423
2220,9454652,468
2221,9457679,370
2222,9460714,302
2223,9463743,335
2224,9466763,353
2225,9469777,457
2226,9472800,454
2227,9475833,290
2228,9478857,261
2229,9481886,321
2230,9486841,379
2231,9489841,391
2232,9491489,270
2233,9493985,8994
2234,9497004,379
2235,9500033,427
2236,9503062,436
2237,9506072,358
2238,9509098,258
2239,9512123,343
2240,9515157,387
2241,9518172,382
2242,9521205,-8411
2243,9524221,292
2244,9527254,9110
2245,9530283,365
2246,9533841,419
2247,9536839,439
2248,9539840,387
2249,9542837,249
2250,9545416,242
2251,9548429,355
2252,9551443,9198
2253,9554468,412
2254,9557492,343
2255,9560518,288
2256,9563543,385
2257,9566566,444
2258,9569592,394
2259,9572616,305
2260,9575652,240
2261,9578674,9065
2262,9582842,257
2263,9585840,343
2264,9587746,453
2265,9590763,376
2266,9593789,292
2267,9596814,354
2268,9599846,409
2269,9602874,420
2270,9605898,546
2271,9608921,302
2272,9611937,353
2273,9614969,366
2274,9617997,375
2275,9621021,424
2276,9624039,-8445
2277,9627074,338
2278,9630841,354
2279,9633841,392
2280,9636840,413
2281,9639802,371
2282,9642187,301
2283,9645211,346
2284,9648240,429
2285,9651260,421
2286,9654283,398
2287,9657308,389
2288,9660344,325
2289,9663365,9100
2290,9666383,322
2291,9669408,437
2292,9672432,396
2293,9675460,304
2294,9678850,331
2295,9681840,417
2296,9684837,393
2297,9687560,373
2298,9690583,331
2299,9693607,313
2300,9696640,9134
2301,9699672,357
2302,9702680,414
2303,9705705,414
2304,9708729,323
2305,9711755,307
2306,9714782,-8424
2307,9717808,378
2308,9720836,471
2309,9723861,391
2310,9728841,330
2311,9731841,9169
2312,9734840,402
2313,9737820,497
2314,9738979,393
2315,9742001,266
2316,9745027,330
2317,9748060,9240
2318,9751079,420
2319,9754100,472
2320,9757125,328
2321,9760156,9057
2322,9763174,368
2323,9766198,405
2324,9769234,452
2325,9772261,502
2326,9775842,296
2327,9778840,331
2328,9781837,9225
2329,9784357,372
2330,9787386,-8372
2331,9790411,378
2332,9793419,345
2333,9796446,344
2334,9799469,368
2335,9802496,457
2336,9805521,471
2337,9808543,330
2338,9811581,330
2339,9814607,294
2340,9817619,387
2341,9820644,488
2342,9824840,397
2343,9827840,292
2344,9830841,343
2345,9832754,9169
2346,9835774,374
2347,9838792,389
2348,9841815,324
2349,9844858,258
2350,9847875,269
2351,9850891,334
2352,9853925,409
2353,9856941,384
2354,9859975,346
2355,9862990,364
2356,9866022,9217
2357,9869039,421
2358,9873842,374
2359,9876840,279
2360,9878160,-8459
2361,9881150,-8437
2362,9884166,420
2363,9887187,487
2364,9890211,381
2365,9893235,321
2366,9896260,347
2367,9899284,400
2368,9902325,17830
2369,9905346,429
2370,9908359,333
2371,9911382,359
2372,9914408,406
2373,9917441,9285
2374,9921840,443
2375,9924839,403
2376,9927855,313
2377,9929534,-8440
2378,9932556,400
2379,9935583,459
2380,9938616,451
2381,9941630,279
2382,9944663,286
2383,9947689,392
2384,9950714,9326
2385,9953728,482
2386,9956753,360
2387,9959779,222
2388,9962803,273
2389,9965844,347
2390,9970841,385
2391,9973840,394
2392,9976840,294
2393,9978178,278
2394,9980960,390
2395,9983985,413
2396,9987001,404
2397,9990024,367
2398,9993047,296
2399,9996074,325
2400,9999096,377
2401,10002132,9422
2402,10005146,431
2403,10008173,360
2404,10011195,351
2405,10014231,367
2406,10018841,442
2407,10021840,441
2408,10023306,353
2409,10026317,336
2410,10029354,356
2411,10032371,-8475
2412,10035402,9240
2413,10038420,391
2414,10041442,293
2415,10044466,318
2416,10047501,356
2417,10050519,465
2418,10053539,432
2419,10056565,366
2420,10059588,334
2421,10062614,384
2422,10066850,358
2423,10069849,409
2424,10072840,410
2425,10074724,351
2426,10077751,308
2427,10080774,356
2428,10083786,389
2429,10086821,-8478
2430,10089843,389
2431,10092873,17876
2432,10095895,337
2433,10098912,359
2434,10101936,438
2435,10104959,425
2436,10107982,319
2437,10111008,344
2438,10115840,9168
2439,10118841,363
2440,10120109,9339
2441,10123112,396
2442,10126134,294
2443,10129156,355
2444,10132180,398
2445,10135205,398
2446,10138230,436
2447,10141265,359
2448,10144283,331
2449,10147309,391
2450,10150328,435
2451,10153365,590
2452,10156382,-8390
2453,10159403,305
2454,10163841,340
2455,10166840,427
2456,10169840,477
2457,10171944,-8339
2458,10174540,17865
2459,10177563,226
2460,10180575,314
2461,10183600,445
2462,10186625,506
2463,10189649,379
2464,10192685,282
2465,10195701,9068
2466,10198736,346
2467,10201749,415
2468,10204780,9258
2469,10207796,318
2470,10210844,290
2471,10215841,344
2472,10217689,415
2473,10219895,407
2474,10222938,370
2475,10225954,262
2476,10228973,342
2477,10232003,412
2478,10235019,426
2479,10238051,9272
2480,10241079,318
2481,10244106,342
2482,10247123,366
2483,10250140,378
2484,10253164,390
2485,10256200,373
2486,10260841,292
2487,10263840,315
2488,10266840,346
2489,10268531,417
2490,10271324,454
2491,10274350,326
2492,10277372,244
2493,10280388,9058
2494,10283423,354
2495,10286435,426
2496,10289468,9205
2497,10292482,324
2498,10295519,347
2499,10298539,17859
2500,10301562,413
2501,10304581,443
2502,10308853,17871
2503,10311840,340
2504,10313659,390
2505,10316691,-8340
2506,10319705,481
2507,10322742,9248
2508,10325758,305
2509,10328780,339
2510,10331804,374
2511,10334836,400
2512,10337860,373
2513,10340888,294
2514,10343917,265
2515,10346941,343
2516,10349952,379
2517,10352977,426
2518,10357841,9273
2519,10360851,283
2520,10363841,310
2521,10365487,384
2522,10368098,435
2523,10371124,521
2524,10374159,9341
2525,10377180,17843
2526,10380197,339
2527,10383224,338
2528,10386249,9468
2529,10389272,386
2530,10392296,328
2531,10395322,358
2532,10398345,322
2533,10401374,346
2534,10404841,472
2535,10407840,9244
2536,10410838,338
2537,10413840,370
2538,10416499,390
2539,10419518,448
2540,10422543,362
2541,10425571,296
2542,10428592,306
2543,10431616,381
2544,10434652,485
2545,10437676,440
2546,10440694,17857
2547,10443715,292
2548,10446740,346
2549,10449764,375
2550,10453841,409
2551,10456840,405
2552,10458857,9138
2553,10461866,294
2554,10464898,379
2555,10467922,-8325
2556,10470938,481
2557,10473960,345
2558,10476986,292
2559,10480015,-8434
2560,10483036,384
2561,10486071,-8369
2562,10489098,17891
2563,10492118,9112
2564,10495133,356
2565,10498158,341
2566,10502848,430
2567,10505840,622
2568,10508843,378
2569,10510552,334
2570,10513303,327
2571,10516319,337
2572,10519333,440
2573,10522357,-8272
2574,10525382,306
2575,10528417,256
2576,10531435,315
2577,10534457,396
2578,10537481,422
2579,10540515,326
2580,10543538,267
2581,10546564,323
2582,10550841,378
2583,10553841,462
2584,10555636,460
2585,10558650,343
2586,10561687,290
2587,10564703,416
2588,10567739,467
2589,10570762,481
2590,10573775,9199
2591,10576808,9127
2592,10579822,334
2593,10582867,487
2594,10585875,541
2595,10588910,394
2596,10591934,287
2597,10594946,334
2598,10599841,408
2599,10602840,423
2600,10605849,9096
2601,10607666,342
2602,10610068,287
2603,10613108,412
2604,10616118,17956
2605,10619148,435
2606,10622166,463
2607,10625202,367
2608,10628227,288
2609,10631239,307
2610,10634273,335
2611,10637289,393
2612,10640323,379
2613,10643342,328
2614,10647842,391
2615,10650840,436
2616,10652426,495
2617,10655447,520
2618,10658460,382
2619,10661495,9201
2620,10664512,390
2621,10667545,381
2622,10670564,389
2623,10673596,367
2624,10676611,354
2625,10679632,393
2626,10682667,431
2627,10685690,482
2628,10688717,287
2629,10691743,383
2630,10694840,366
2631,10697839,373
2632,10700839,404
2633,10703836,440
2634,10708841,369
2635,10710129,17954
2636,10712915,387
2637,10715928,351
2638,10718960,500
2639,10721975,387
2640,10725011,294
2641,10728027,299
2642,10731049,382
2643,10734074,459
2644,10737098,455
2645,10740124,382
2646,10744841,288
2647,10747842,9115
2648,10750847,400
2649,10752501,489
2650,10755252,9468
2651,10758271,300
2652,10761296,296
2653,10764323,401
2654,10767355,302
2655,10770372,423
2656,10773404,306
2657,10776432,-8481
2658,10779444,318
2659,10782471,17833
2660,10785492,432
2661,10788528,436
2662,10792841,287
2663,10795840,290
2664,10797610,9144
2665,10800616,-8334
2666,10803640,463
2667,10806664,421
2668,10809689,321
2669,10812713,343
2670,10815745,403
2671,10818775,451
2672,10821787,455
2673,10824811,382
2674,10827843,344
2675,10830873,9143
2676,10833896,17914
2677,10836917,455
2678,10841840,376
2679,10844840,286
2680,10847841,320
2681,10849919,392
2682,10852036,411
2683,10855056,410
2684,10858089,17947
2685,10861106,345
2686,10864138,9309
2687,10867166,413
2688,10870180,430
2689,10873204,379
2690,10876229,301
2691,10879256,354
2692,10882285,-8418
2693,10885309,413
2694,10888842,413
2695,10891845,322
2696,10894837,347
2697,10897425,424
2698,10900442,352
2699,10903458,381
2700,10906483,406
2701,10909507,347
2702,10912533,309
2703,10915568,9135
2704,10918599,-8461
2705,10921608,442
2706,10924634,361
2707,10927662,17833
2708,10930685,358
2709,10933710,458
2710,10937841,18299
2711,10940839,555
2712,10943840,332
2713,10945813,330
2714,10948855,9212
2715,10951876,310
2716,10954887,465
2717,10957922,338
2718,10960937,282
2719,10963970,341
2720,10966996,347
2721,10970014,437
2722,10973039,-8255
2723,10976073,9072
2724,10979096,302
2725,10982110,291
2726,10986842,513
2727,10989848,453
2728,10991184,344
2729,10994222,277
2730,10997236,341
2731,11000266,9300
2732,11003285,467
2733,11006307,410
2734,11009330,300
2735,11012367,313
2736,11015384,-8387
2737,11018404,421
2738,11021438,419
2739,11024454,333
2740,11027487,-8449
2741,11030515,315
2742,11034842,9299
2743,11037839,467
2744,11040853,434
2745,11042606,338
2746,11045628,360
2747,11048653,370
2748,11051691,352
2749,11054706,-8418
2750,11057740,337
2751,11060753,345
2752,11063776,400
2753,11066802,413
2754,11069825,462
2755,11072858,408
2756,11075875,311
2757,11078901,328
2758,11083841,371
2759,11086842,434
2760,11089841,401
2761,11092802,309
2762,11094024,296
2763,11097058,337
2764,11100083,375
2765,11103110,384
2766,11106133,552
2767,11109159,364
2768,11112170,392
2769,11115196,394
2770,11118228,-8427
2771,11121248,738
2772,11124269,330
2773,11127293,312
2774,11131850,345
2775,11134841,391
2776,11136376,444
2777,11139393,413
2778,11142418,282
2779,11145441,320
2780,11148474,384
2781,11151504,426
2782,11154516,476
2783,11157541,363
2784,11160565,303
2785,11163591,365
2786,11166615,352
2787,11169649,9291
2788,11172664,447
2789,11175697,416
2790,11179850,338
2791,11182840,390
2792,11185840,407
2793,11187797,407
2794,11190823,312
2795,11193845,299
2796,11196875,489
2797,11199898,352
2798,11202921,9314
2799,11205936,425
2800,11208961,307
2801,11211986,326
2802,11215021,378
2803,11218044,424
2804,11221058,408
2805,11224084,373
2806,11228841,340
2807,11231841,364
2808,11233159,440
2809,11236185,471
2810,11239208,392
2811,11242232,292
2812,11245256,282
2813,11248281,358
2814,11251315,407
2815,11254336,9388
2816,11257353,320
2817,11260380,318
2818,11263400,359
2819,11266438,429
2820,11269449,431
2821,11272489,410
2822,11275841,-8427
2823,11278839,341
2824,11281838,420
2825,11284840,9186
2826,11287810,9295
2827,11290628,-8413
2828,11293645,255
2829,11296669,338
2830,11299694,424
2831,11302718,437
2832,11305756,458
2833,11308766,-8415
2834,11311791,306
2835,11314815,349
2836,11317846,401
2837,11320864,428
2838,11325842,300
2839,11328840,284
2840,11330110,344
2841,11332962,393
2842,11335985,423
2843,11339019,9265
2844,11342043,9091
2845,11345065,383
2846,11348083,434
2847,11351108,442
2848,11354131,473
2849,11357157,357
2850,11360182,271
2851,11363216,353
2852,11366234,-8366
2853,11369268,443
2854,11373841,9258
2855,11376838,264
2856,11379853,284
2857,11381527,9264
2858,11384377,405
2859,11387401,442
2860,11390430,378
2861,11393453,-8427
2862,11396489,407
2863,11399499,439
2864,11402524,475
2865,11405548,424
2866,11408573,297
2867,11411607,330
2868,11414634,390
2869,11417653,460
2870,11421841,743
2871,11424842,17918
2872,11427849,9131
2873,11429757,362
2874,11432767,395
2875,11435803,425
2876,11438834,426
2877,11441863,351
2878,11444876,-8422
2879,11447904,354
2880,11450914,445
2881,11453940,513
2882,11456972,9232
2883,11460002,267
2884,11463012,294
2885,11466036,397
2886,11470841,432
2887,11473840,369
2888,11475116,294
2889,11478137,349
2890,11481162,336
2891,11484190,-8366
2892,11487213,9253
2893,11490234,372
2894,11493269,363
2895,11496282,357
2896,11499316,338
2897,11502331,430
2898,11505360,-8366
2899,11508380,365
2900,11511405,314
2901,11514429,375
2902,11518839,435
2903,11521841,460
2904,11524840,421
2905,11526928,346
2906,11529563,325
2907,11532593,486
2908,11535612,447
2909,11538625,483
2910,11541657,9259
2911,11544683,333
2912,11547700,410
2913,11550736,17911
2914,11553745,469
2915,11556771,386
2916,11559794,282
2917,11562836,17878
2918,11567842,391
2919,11570850,461
2920,11572121,454
2921,11574931,9183
2922,11577952,338
2923,11580981,17897
2924,11583992,381
2925,11587015,409
2926,11590040,366
2927,11593079,287
2928,11596088,332
2929,11599113,420
2930,11602137,415
2931,11605162,411
2932,11608186,373
2933,11611209,338
2934,11615841,334
2935,11618839,402
2936,11621840,461
2937,11623378,399
2938,11626343,9093
2939,11629360,-8420
2940,11632392,404
2941,11635419,469
2942,11638431,520
2943,11641453,346
2944,11644480,240
2945,11647508,17951
2946,11650528,436
2947,11653563,453
2948,11656592,326
2949,11659609,9025
2950,11663841,373
2951,11666853,441
2952,11668678,459
2953,11671699,429
2954,11674724,310
2955,11677765,338
2956,11680774,320
2957,11683797,382
2958,11686822,421
2959,11689853,373
2960,11692871,352
2961,11695895,343
2962,11698920,420
2963,11701944,500
2964,11704969,487
2965,11708005,-8415
2966,11711842,9087
2967,11714839,309
2968,11717841,281
2969,11720797,443
2970,11723119,394
2971,11726141,324
2972,11729170,322
2973,11732192,-8356
2974,11735215,383
2975,11738251,-8350
2976,11741264,319
2977,11744297,9053
2978,11747314,373
2979,11750338,436
2980,11753362,480
2981,11756387,399
2982,11760850,306
2983,11763841,300
2984,11766842,340
2985,11769792,17926
2986,11771525,292
2987,11774537,285
2988,11777558,9040
2989,11780597,284
2990,11783607,371
2991,11786630,425
2992,11789655,419
2993,11792678,352
2994,11795713,9189
2995,11798728,332
2996,11801767,404
2997,11804777,390
2998,11808841,327
2999,11811846,284
3000,11813865,325
3001,11816888,347
3002,11819901,436
3003,11822941,362
3004,11825950,279
3005,11828984,9103
3006,11832003,417
3007,11835022,-8343
3008,11838048,489
3009,11841072,341
3010,11844097,291
3011,11847136,-8378
3012,11850146,420
3013,11853171,481
3014,11857840,409
3015,11860840,298
3016,11863842,9220
3017,11865414,9249
3018,11868295,369
3019,11871317,413
3020,11874354,554
3021,11877369,350
3022,11880403,9260
3023,11883416,411
3024,11886453,-8289
3025,11889465,414
3026,11892501,287
3027,11895525,269
3028,11898555,-8407
3029,11901572,472
3030,11905841,18128
3031,11908841,346
3032,11910655,296
3033,11913676,9238
3034,11916691,392
3035,11919713,421
3036,11922738,410
3037,11925763,352
3038,11928787,358
3039,11931822,371
3040,11934856,9351
3041,11937874,747
3042,11940886,414
3043,11943911,337
3044,11946935,360
3045,11949960,404
3046,11954841,462
3047,11957839,287
3048,11960840,358
3049,11962410,340
3050,11965091,9172
3051,11968111,439
3052,11971132,513
3053,11974156,401
3054,11977192,309
3055,11980217,-8380
3056,11983231,419
3057,11986265,396
3058,11989280,382
3059,11992313,285
3060,11995329,330
3061,11998359,573
3062,12002842,466
3063,12005840,402
3064,12007445,337
3065,12010451,272
3066,12013477,385
3067,12016505,401
3068,12019526,487
3069,12022551,435
3070,12025576,317
3071,12028600,353
3072,12031626,400
3073,12034650,387
3074,12037674,434
3075,12040699,346
3076,12043724,323
3077,12046748,371
3078,12050841,387
3079,12053838,448
3080,12056842,358
3081,12058869,256
3082,12061870,301
3083,12064896,428
3084,12067926,449
3085,12070955,711
3086,12073969,337
3087,12077006,323
3088,12080021,337
3089,12083052,9212
3090,12086068,436
3091,12089093,485
3092,12092117,397
3093,12095153,346
3094,12099841,408
3095,12102855,390
3096,12105841,9289
3097,12107514,286
3098,12110267,312
3099,12113289,383
3100,12116315,437
3101,12119342,389
3102,12122375,314
3103,12125399,275
3104,12128425,304
3105,12131437,369
3106,12134470,428
3107,12137486,464
3108,12140519,381
3109,12143546,306
3110,12147841,332
3111,12150840,392
3112,12152616,416
3113,12155648,376
3114,12158670,295
3115,12161694,343
3116,12164712,349
3117,12167741,9291
3118,12170756,451
3119,12173781,370
3120,12176806,323
3121,12179850,374
3122,12182865,17973
3123,12185881,442
3124,12188905,455
3125,12191930,346
3126,12196839,412
3127,12199841,423
3128,12202842,9397
3129,12204856,459
3130,12207067,17852
3131,12210077,299
3132,12213100,340
3133,12216137,397
3134,12219156,313
3135,12222175,452
3136,12225209,375
3137,12228239,284
3138,12231260,349
3139,12234273,467
3140,12237296,459
3141,12240323,345
3142,12244842,223
3143,12247840,280
3144,12249402,382
3145,12252431,9360
3146,12255459,419
3147,12258470,286
3148,12261494,282
3149,12264519,328
3150,12267543,427
3151,12270568,432
3152,12273598,311
3153,12276631,9014
3154,12279641,366
3155,12282665,414
3156,12285700,9424
3157,12288729,17992
3158,12291841,353
3159,12294837,298
3160,12297839,336
3161,12300837,409
3162,12305841,-8299
3163,12307113,-8361
3164,12309887,300
3165,12312908,341
3166,12315934,421
3167,12318957,434
3168,12321996,411
3169,12325016,340
3170,12328036,9183
3171,12331069,17935
3172,12334085,456
3173,12337112,9350
3174,12341842,368
3175,12344840,347
3176,12346180,401
3177,12349205,365
3178,12352226,436
3179,12355263,447
3180,12358288,17849
3181,12361313,17898
3182,12364324,396
3183,12367348,436
3184,12370382,9475
3185,12373399,550
3186,12376432,340
3187,12379457,326
3188,12382474,9194
3189,12385508,445
3190,12388841,432
3191,12391838,337
3192,12394838,336
3193,12397841,368
3194,12400835,378
3195,12403644,428
3196,12406666,400
3197,12409691,308
3198,12412713,375
3199,12415749,371
3200,12418778,17819
3201,12421795,9371
3202,12424812,398
3203,12427852,353
3204,12430871,331
3205,12433891,465
3206,12438843,17882
3207,12441840,422
3208,12444839,-8442
3209,12447836,352
3210,12449021,362
3211,12452032,416
3212,12455067,9364
3213,12458095,365
3214,12461105,332
3215,12464130,330
3216,12467154,429
3217,12470178,525
3218,12473202,374
3219,12476227,274
3220,12479251,313
3221,12482276,354
3222,12486841,423
3223,12489855,412
3224,12491357,306
3225,12494377,263
3226,12497411,371
3227,12500434,389
3228,12503447,427
3229,12506480,9243
3230,12509498,329
3231,12512519,397
3232,12515545,392
3233,12518569,433
3234,12521594,447
3235,12524617,328
3236,12527646,-8473
3237,12530679,425
3238,12533841,-8285
3239,12536840,-8348
3240,12539840,-8407
3241,12542838,271
3242,12545840,304
3243,12548845,356
3244,12551847,405
3245,12554867,17928
3246,12557896,347
3247,12560924,298
3248,12563941,382
3249,12566965,439
3250,12569985,482
3251,12573008,435
3252,12576034,349
3253,12579069,354
3254,12583840,407
3255,12586852,470
3256,12588141,445
3257,12591168,9206
3258,12594181,349
3259,12597205,453
3260,12600228,458
3261,12603254,419
3262,12606276,411
3263,12609302,346
3264,12612329,323
3265,12615350,-8428
3266,12618375,437
3267,12621398,451
3268,12624430,9188
3269,12627446,347
3270,12631841,363
3271,12634840,391
3272,12637840,452
3273,12639548,433
3274,12642571,319
3275,12645593,265
3276,12648616,364
3277,12651653,484
3278,12654676,549
3279,12657695,9167
3280,12660728,311
3281,12663754,345
3282,12666764,417
3283,12669789,465
3284,12672812,401
3285,12675855,9148
3286,12680841,383
3287,12683840,415
3288,12685131,459
3289,12687938,484
3290,12690960,362
3291,12693990,301
3292,12697021,343
3293,12700042,369
3294,12703067,432
3295,12706091,392
3296,12709107,270
3297,12712140,380
3298,12715166,432
3299,12718185,455
3300,12721208,424
3301,12724229,354
3302,12728848,301
3303,12731840,9156
3304,12734841,366
3305,12736521,412
3306,12739351,436
3307,12742386,330
3308,12745413,274
3309,12748430,370
3310,12751453,429
3311,12754473,456
3312,12757497,365
3313,12760531,9141
3314,12763550,-8378
3315,12766578,415
3316,12769594,455
3317,12772628,-8347
3318,12776841,9085
3319,12779843,17879
3320,12782840,326
3321,12784720,361
3322,12787752,546
3323,12790767,355
3324,12793803,9175
3325,12796840,417
3326,12799848,397
3327,12802865,417
3328,12805890,379
3329,12808914,291
3330,12811953,370
3331,12814963,412
3332,12817988,406
3333,12821012,431
3334,12825841,368
3335,12828846,9054
3336,12830105,333
3337,12833111,427
3338,12836135,471
3339,12839158,420
3340,12842187,18064
3341,12845216,9265
3342,12848247,-8412
3343,12851255,389
3344,12854280,447
3345,12857314,-8381
3346,12860330,330
3347,12863360,310
3348,12866382,9147
3349,12869415,18025
3350,12872839,9083
3351,12875840,9104
3352,12878838,9087
3353,12881841,323
3354,12884720,361
3355,12887553,423
3356,12890575,352
3357,12893599,275
3358,12896626,344
3359,12899648,355
3360,12902672,393
3361,12905710,-8428
3362,12908735,9107
3363,12911754,323
3364,12914769,333
3365,12917795,401
3366,12920841,490
3367,12925840,387
3368,12927541,342
3369,12929903,9253
3370,12932918,422
3371,12935941,447
3372,12938965,433
3373,12942001,276
3374,12945027,265
3375,12948054,9274
3376,12951064,464
3377,12954089,563
3378,12957113,378
3379,12960138,346
3380,12963169,9158
3381,12966196,393
3382,12970840,458
3383,12973840,454
3384,12976841,307
3385,12978529,336
3386,12981328,310
3387,12984332,522
3388,12987358,391
3389,12990382,327
3390,12993407,285
3391,12996431,306
3392,12999469,393
3393,13002480,473
3394,13005505,426
3395,13008530,315
3396,13011554,267
3397,13014588,9172
3398,13018841,362
3399,13021840,-8304
3400,13023654,410
3401,13026689,358
3402,13029705,387
3403,13032744,17981
3404,13035752,472
3405,13038776,445
3406,13041811,320
3407,13044833,304
3408,13047865,9272
3409,13050886,430
3410,13053915,295
3411,13056937,378
3412,13059948,296
3413,13062975,366
3414,13067841,431
3415,13070840,412
3416,13073841,434
3417,13075456,-8390
3418,13078110,331
3419,13081137,425
3420,13084149,442
3421,13087172,487
3422,13090196,396
3423,13093221,301
3424,13096245,338
3425,13099280,9236
3426,13102305,414
3427,13105324,545
3428,13108358,358
3429,13111369,345
3430,13115841,409
3431,13118839,399
3432,13121840,445
3433,13123639,367
3434,13126505,293
3435,13129518,371
3436,13132557,9210
3437,13135578,750
3438,13138604,442
3439,13141622,289
3440,13144640,335
3441,13147664,390
3442,13150689,462
3443,13153728,17971
3444,13156752,356
3445,13159763,368
3446,13163841,390
3447,13166841,376
3448,13168863,407
3449,13171872,406
3450,13174886,341
3451,13177910,306
3452,13180935,372
3453,13183968,9359
3454,13186995,425
3455,13190012,503
3456,13193037,9175
3457,13196064,345
3458,13199083,424
3459,13202107,485
3460,13205137,-8301
3461,13208156,352
Reading ID, Time (ms), Force (N)

0,2810758,222
1,2811758,9102
2,2814757,333
3,2817757,205
4,2820753,263
5,2823759,149
6,2826751,17851
7,2829752,9249
8,2832749,340
9,2835749,231
10,2838758,281
11,2841759,289
12,2844754,360
13,2847763,433
14,2850751,179
15,2853755,149
16,2856756,216
17,2859750,344
18,2862750,9316
19,2865753,375
20,2868756,253
21,2871664,288
22,2874685,337
23,2877711,352
24,2880762,333
25,2883768,250
26,2886786,153
27,2889810,234
28,2892836,275
29,2895861,375
30,2898887,371
31,2901910,169
32,2906755,196
33,2909755,279
34,2912750,308
35,2915757,343
36,2918751,243
37,2920911,185
38,2923090,257
39,2926123,298
40,2929142,367
41,2932164,366
42,2935187,269
43,2938213,184
44,2941239,274
45,2944262,323
46,2947297,9302
47,2950313,267
48,2954756,213
49,2957759,371
50,2960748,407
51,2963300,359
52,2965452,340
53,2968464,209
54,2971489,235
55,2974525,263
56,2977540,249
57,2980573,9173
58,2983590,332
59,2986615,227
60,2989641,256
61,2992664,334
62,2995702,364
63,2998716,349
64,3003754,241
65,3006752,249
66,3009751,326
67,3012770,332
68,3015749,9094
69,3017022,255
70,3019895,210
71,3022930,-8482
72,3025945,328
73,3028979,338
74,3032002,9172
75,3035019,229
76,3038055,272
77,3041069,327
78,3044103,363
79,3047135,401
80,3050763,279
81,3053759,186
82,3056752,267
83,3059380,322
84,3062246,368
85,3065277,-8330
86,3068310,200
87,3071335,8991
88,3074358,276
89,3077370,313
90,3080396,330
91,3083421,255
92,3086447,287
93,3089471,323
94,3092497,288
95,3095521,379
96,3099765,9333
97,3102751,-8464
98,3105751,233
99,3108754,-8472
100,3111749,331
101,3113681,311
102,3116715,280
103,3119737,243
104,3122760,-8483
105,3125786,321
106,3128801,379
107,3131825,293
108,3134851,179
109,3137876,255
110,3140912,250
111,3143937,377
112,3148755,385
113,3151754,278
114,3154751,245
115,3156668,224
116,3159054,245
117,3162078,347
118,3165103,379
119,3168141,225
120,3171164,70
121,3174191,296
122,3177204,366
123,3180229,406
124,3183260,9091
125,3186284,211
126,3189309,9031
127,3192343,349
128,3195755,376
129,3198749,9154
130,3201754,263
131,3204748,219
132,3207754,271
133,3210749,414
134,3213511,475
135,3216534,343
136,3219569,278
137,3222583,269
138,3225609,294
139,3228634,389
140,3231660,355
141,3234694,8912
142,3237710,192
143,3240738,17859
144,3245755,370
145,3248755,397
146,3251752,293
147,3253636,13
148,3255877,178
149,3258887,293
150,3261914,382
151,3264940,402
152,3267973,8979
153,3270993,189
154,3274014,225
155,3277038,365
156,3280065,393
157,3283089,335
158,3286126,240
159,3289154,241
160,3292754,306
161,3295756,326
162,3298751,364
163,3301754,239
164,3304752,228
165,3307567,256
166,3310321,313
167,3313344,371
168,3316379,322
169,3319404,8992
170,3322424,294
171,3325455,-8433
172,3328471,374
173,3331507,524
174,3334522,274
175,3337557,237
176,3341754,306
177,3344754,350
178,3347752,421
179,3349652,-8407
180,3352685,8868
181,3355701,260
182,3358724,326
183,3361754,349
184,3364778,341
185,3367798,242
186,3370841,9012
187,3373849,276
188,3376876,307
189,3379900,333
190,3382927,276
191,3385951,233
192,3390758,231
193,3393754,224
194,3396763,9112
195,3399764,-8416
196,3402748,165
197,3404118,9000
198,3407133,325
199,3410166,412
200,3413180,371
201,3416214,384
202,3419241,232
203,3422266,271
204,3425284,342
205,3428320,339
206,3431346,344
207,3434359,260
208,3438755,8910
209,3441754,298
210,3443440,315
211,3446465,355
212,3449490,281
213,3452516,195
214,3455551,203
215,3458567,229
216,3461594,322
217,3464620,398
218,3467645,288
219,3470682,269
220,3473696,287
221,3476723,270
222,3479769,345
223,3482792,331
224,3487754,17826
225,3490754,279
226,3493754,312
227,3495656,374
228,3497906,367
229,3500943,176
230,3503956,214
231,3506988,286
232,3510018,335
233,3513047,372
234,3516063,329
235,3519089,268
236,3522122,9080
237,3525140,340
238,3528175,405
239,3531196,-8355
240,3534764,246
241,3537755,238
242,3540707,280
243,3543304,301
244,3546322,387
245,3549360,334
246,3552382,17819
247,3555403,307
248,3558432,330
249,3561454,384
250,3564489,368
251,3567520,244
252,3570539,244
253,3573558,300
254,3576583,341
255,3579611,359
256,3583766,292
257,3586766,225
258,3589755,9016
259,3591720,275
260,3594749,327
261,3597773,341
262,3600802,263
263,3603832,226
264,3606852,9088
265,3609869,333
266,3612893,371
267,3615919,362
268,3618944,277
269,3621980,272
270,3624994,315
271,3628030,342
272,3632754,361
273,3635755,271
274,3637098,220
275,3640121,326
276,3643160,349
277,3646170,348
278,3649204,351
279,3652219,271
280,3655248,8943
281,3658279,322
282,3661306,370
283,3664333,390
284,3667356,289
285,3670371,234
286,3673398,229
287,3676423,205
288,3680755,286
289,3683758,304
290,3686754,213
291,3688527,303
292,3691564,9142
293,3694579,330
294,3697614,363
295,3700642,227
296,3703660,244
297,3706679,307
298,3709705,366
299,3712730,350
300,3715775,296
301,3718788,292
302,3721807,349
303,3724846,-8393
304,3729755,353
305,3732754,425
306,3734502,290
307,3736936,188
308,3739968,250
309,3743007,17859
310,3746010,339
311,3749036,249
312,3752059,196
313,3755086,274
314,3758110,307
315,3761148,339
316,3764164,532
317,3767195,315
318,3770212,214
319,3773239,296
320,3776756,9213
321,3779753,428
322,3782756,361
323,3785753,221
324,3788379,246
325,3791401,-8473
326,3794438,17953
327,3797440,389
328,3800466,271
329,3803502,69
330,3806515,264
331,3809551,9099
332,3812573,376
333,3815605,-8421
334,3818620,8993
335,3821657,233
336,3824754,9017
337,3827752,310
338,3830763,400
339,3833944,354
340,3836778,280
341,3839795,273
342,3842821,338
343,3845859,420
344,3848876,415
345,3851896,201
346,3854921,205
347,3857948,321
348,3860981,9286
349,3864009,420
350,3867033,-8445
351,3870062,196
352,3873766,212
353,3876753,276
354,3879755,398
355,3882760,403
356,3885191,210
357,3888203,193
358,3891229,311
359,3894259,9150
360,3897287,-8404
361,3900308,334
362,3903344,241
363,3906363,244
364,3909398,233
365,3912412,331
366,3915438,355
367,3918464,226
368,3922756,197
369,3925754,294
370,3927542,310
371,3930570,391
372,3933591,371
373,3936616,230
374,3939641,243
375,3942675,312
376,3945701,9283
377,3948718,366
378,3951749,210
379,3954775,184
380,3957804,226
381,3960824,17839
382,3963846,378
383,3966879,292
384,3971756,196
385,3974750,243
386,3977753,394
387,3980758,9443
388,3983751,9068
389,3986751,235
390,3989751,8976
391,3992753,-8472
392,3995751,290
393,3997169,382
394,4000148,316
395,4003173,177
396,4006197,168
397,4009222,240
398,4012258,397
399,4015286,393
400,4018757,173
401,4021751,161
402,4024766,230
403,4027750,310
404,4030414,9259
405,4033426,353
406,4036449,220
407,4039474,199
408,4042499,266
409,4045524,379
410,4048556,17827
411,4051577,177
412,4054600,145
413,4057631,9043
414,4060650,354
415,4063685,9349
416,4067754,357
417,4070753,272
418,4073755,323
419,4075779,324
420,4078803,338
421,4081830,364
422,4084851,225
423,4087877,138
424,4090913,243
425,4093938,368
426,4096956,17818
427,4099976,324
428,4103003,255
429,4106028,311
430,4109054,336
431,4112078,374
432,4116766,374
433,4119754,234
434,4121163,196
435,4124193,273
436,4127216,320
437,4130240,364
438,4133258,295
439,4136290,215
440,4139304,278
441,4142347,268
442,4145356,336
443,4148389,9250
444,4151406,273
445,4154431,270
446,4157456,295
447,4160482,334
448,4164754,360
449,4167755,296
450,4170754,228
451,4172588,261
452,4175608,351
453,4178644,368
454,4181672,363
455,4184688,190
456,4187706,116
457,4190733,245
458,4193775,343
459,4196795,-8405
460,4199810,17955
461,4202834,261
462,4205862,258
463,4208883,272
464,4213765,423
465,4216755,422
466,4218059,228
467,4220998,232
468,4224026,313
469,4227046,351
470,4230060,437
471,4233094,9206
472,4236111,198
473,4239135,250
474,4242161,295
475,4245185,348
476,4248211,421
477,4251245,298
478,4254261,260
479,4257286,358
480,4261754,382
481,4264753,384
482,4267757,9204
483,4269390,204
484,4272416,189
485,4275448,253
486,4278468,17836
487,4281489,393
488,4284523,9021
489,4287541,184
490,4290575,157
491,4293589,290
492,4296616,385
493,4299643,347
494,4302677,230
495,4305698,246
496,4309755,311
497,4312755,417
498,4314775,444
499,4317803,9039
500,4320819,236
501,4323840,293
502,4326867,311
503,4329902,330
504,4332928,296
505,4335946,241
506,4338980,239
507,4342006,258
508,4345018,347
509,4348043,440
510,4351068,309
511,4354093,219
512,4358755,299
513,4361751,368
514,4364754,388
515,4366562,17877
516,4369232,8937
517,4372251,232
518,4375272,306
519,4378301,400
520,4381325,398
521,4384348,282
522,4387371,216
523,4390407,262
524,4393423,282
525,4396458,-8423
526,4399472,343
527,4402509,8873
528,4406766,276
529,4409754,337
530,4411593,364
531,4414601,376
532,4417626,272
533,4420655,251
534,4423689,311
535,4426707,386
536,4429749,-8393
537,4432774,326
538,4435780,175
539,4438805,192
540,4441831,227
541,4444855,321
542,4447881,400
543,4450917,297
544,4455755,242
545,4458753,253
546,4461754,275
547,4463177,362
548,4466036,382
549,4469058,214
550,4472089,206
551,4475119,279
552,4478135,404
553,4481165,421
554,4484184,254
555,4487219,8909
556,4490235,303
557,4493261,-8471
558,4496287,358
559,4499323,410
560,4503756,257
561,4506755,210
562,4508407,-8462
563,4511426,398
564,4514438,425
565,4517463,321
566,4520489,196
567,4523526,218
568,4526550,304
569,4529570,429
570,4532592,399
571,4535625,233
572,4538649,8963
573,4541666,242
574,4544701,334
575,4547716,410
576,4552762,280
577,4555755,249
578,4558755,251
579,4560142,351
580,4562860,-8309
581,4565880,390
582,4568893,242
583,4571927,8952
584,4574947,330
585,4577971,556
586,4581008,404
587,4584019,297
588,4587045,265
589,4590069,298
590,4593105,349
591,4596128,461
592,4600756,377
593,4603754,221
594,4605419,8930
595,4608225,261
596,4611261,376
597,4614275,-8336
598,4617300,-8486
599,4620329,191
600,4623356,293
601,4626374,315
602,4629409,403
603,4632434,398
604,4635461,239
605,4638488,208
606,4641500,349
607,4644525,406
608,4648754,344
609,4651752,347
610,4654755,208
611,4656641,9047
612,4659655,328
613,4662677,406
614,4665703,387
615,4668738,234
616,4671770,218
617,4674791,318
618,4677818,354
619,4680841,9179
620,4683855,-8411
621,4686879,256
622,4689905,284
623,4692935,318
624,4696756,430
625,4699766,432
626,4702012,314
627,4705042,250
628,4708069,9097
629,4711087,355
630,4714118,366
631,4717133,254
632,4720176,181
633,4723183,250
634,4726210,320
635,4729245,439
636,4732261,413
637,4735288,228
638,4738324,270
639,4741345,9082
640,4745754,336
641,4748753,368
642,4751755,356
643,4753440,256
644,4756464,265
645,4759492,370
646,4762515,432
647,4765540,391
648,4768575,245
649,4771601,257
650,4774619,17862
651,4777641,386
652,4780666,419
653,4783690,328
654,4786717,242
655,4789758,280
656,4793770,9236
657,4796754,9399
658,4798830,426
659,4801859,267
660,4804868,256
661,4807894,364
662,4810921,393
663,4813947,430
664,4816980,343
665,4819999,192
666,4823026,288
667,4826056,9295
668,4829072,448
669,4832101,9187
670,4835136,273
671,4838149,257
672,4842756,-8460
673,4845765,340
674,4848753,17924
675,4850570,312
676,4853278,189
677,4856300,189
678,4859336,277
679,4862356,535
680,4865390,418
681,4868400,238
682,4871427,172
683,4874461,163
684,4877487,346
685,4880517,430
686,4883540,360
687,4886553,208
688,4890755,267
689,4893757,329
690,4895635,397
691,4898658,392
692,4901680,259
693,4904705,253
694,4907747,380
695,4910773,9159
696,4913792,376
697,4916822,277
698,4919846,262
699,4922857,269
700,4925883,333
701,4928907,386
702,4931935,428
703,4934972,236
704,4938754,176
705,4941752,270
706,4944756,342
707,4947080,371
708,4950089,300
709,4953120,8941
710,4956138,225
711,4959164,311
712,4962203,17958
713,4965214,447
714,4968240,315
715,4971265,226
716,4974291,274
717,4977315,347
718,4980342,438
719,4983377,351
720,4987755,8900
721,4990755,233
722,4992446,326
723,4995481,9378
724,4998507,465
725,5001520,282
726,5004543,241
727,5007570,296
728,5010594,368
729,5013624,9511
730,5016652,336
731,5019673,210
732,5022695,295
733,5025722,390
734,5028760,-8285
735,5031790,391
736,5035755,258
737,5038751,207
738,5041762,284
739,5043888,331
740,5046906,421
741,5049927,401
742,5052964,9023
743,5055991,280
744,5059016,362
745,5062030,404
746,5065055,397
747,5068082,266
748,5071118,242
749,5074140,332
750,5077167,348
751,5080196,9367
752,5084755,453
753,5087755,228
754,5089267,236
755,5092295,338
756,5095319,428
757,5098349,358
758,5101381,210
759,5104413,193
760,5107423,282
761,5110450,364
762,5113485,9314
763,5116517,397
764,5119528,259
765,5122554,288
766,5125580,345
767,5128606,351
768,5132755,334
769,5135751,281
770,5138766,8987
771,5140723,299
772,5143756,339
773,5146787,9201
774,5149798,417
775,5152815,197
776,5155842,232
777,5158868,329
778,5161894,422
779,5164929,9434
780,5167947,356
781,5170981,8990
782,5173998,293
783,5177028,296
784,5180755,383
785,5183755,333
786,5186120,148
787,5189129,153
788,5192166,293
789,5195196,402
790,5198217,9336
791,5201235,263
792,5204261,181
793,5207294,279
794,5210327,352
795,5213350,434
796,5216365,419
797,5219401,231
798,5222421,198
799,5225444,282
800,5229755,-8385
801,5232754,9447
802,5235766,294
803,5237551,237
804,5240586,340
805,5243601,385
806,5246637,405
807,5249656,484
808,5252680,319
809,5255706,223
810,5258732,317
811,5261764,415
812,5264783,413
813,5267818,324
814,5270839,258
815,5273860,288
816,5278756,303
817,5281754,423
818,5283045,9378
819,5285967,236
820,5288985,166
821,5292011,306
822,5295046,400
823,5298072,18087
824,5301086,311
825,5304122,220
826,5307139,288
827,5310166,387
828,5313187,479
829,5316223,436
830,5319250,218
831,5322263,227
832,5326767,340
833,5329753,390
834,5332754,425
835,5334382,351
836,5337394,8912
837,5340429,254
838,5343439,344
839,5346464,492
840,5349490,402
841,5352518,8972
842,5355555,146
843,5358566,324
844,5361590,408
845,5364618,485
846,5367650,9183
847,5370683,9014
848,5373755,216
849,5376750,-8368
850,5381755,719
851,5382950,458
852,5385804,288
853,5388824,9023
854,5391846,269
855,5394880,18058
856,5397907,470
857,5400930,9041
858,5403947,193
859,5406972,260
860,5409998,329
861,5413038,18072
862,5416060,408
863,5419073,281
864,5423755,236
865,5426753,317
866,5429754,357
867,5431197,432
868,5434204,362
869,5437230,249
870,5440253,238
871,5443278,346
872,5446317,496
873,5449327,414
874,5452355,9039
875,5455379,279
876,5458413,-8414
877,5461440,414
878,5464465,447
879,5467494,9058
880,5470756,198
881,5473754,253
882,5476751,374
883,5479601,465
884,5482607,385
885,5485643,8933
886,5488661,215
887,5491694,316
888,5494715,434
889,5497754,531
890,5500777,376
891,5503784,213
892,5506809,246
893,5509835,307
894,5512860,412
895,5515896,415
896,5520758,8998
897,5523752,261
898,5526754,268
899,5528539,374
900,5531028,441
901,5534037,332
902,5537082,8842
903,5540088,227
904,5543131,331
905,5546138,439
906,5549167,448
907,5552188,280
908,5555226,264
909,5558253,340
910,5561266,286
911,5564290,398
912,5568755,346
913,5571769,8985
914,5573374,291
915,5576394,408
916,5579431,526
917,5582441,408
918,5585467,253
919,5588494,190
920,5591517,265
921,5594543,328
922,5597579,434
923,5600606,-8262
924,5603630,189
925,5606645,198
926,5609669,311
927,5612695,434
928,5615754,409
929,5620764,243
930,5623762,232
931,5625230,310
932,5627835,17901
933,5630849,447
934,5633886,551
935,5636909,195
936,5639926,239
937,5642960,334
938,5645990,9468
939,5649012,308
940,5652025,278
941,5655060,8887
942,5658074,316
943,5661111,418
944,5665759,489
945,5668754,364
946,5670176,177
947,5673217,242
948,5676235,343
949,5679262,415
950,5682277,625
951,5685316,9183
952,5688333,281
953,5691350,331
954,5694387,439
955,5697413,-7964
956,5700436,407
957,5703460,212
958,5706486,264
959,5709511,322
960,5713754,384
961,5716752,457
962,5719755,308
963,5721604,278
964,5724633,358
965,5727663,375
966,5730688,436
967,5733706,503
968,5736728,189
969,5739769,8890
970,5742789,252
971,5745819,572
972,5748842,499
973,5751854,330
974,5754879,142
975,5757914,230
976,5762756,378
977,5765766,463
978,5767458,-8383
979,5770003,183
980,5773032,186
981,5776060,317
982,5779079,467
983,5782113,755
984,5785129,295
985,5788165,181
986,5791181,265
987,5794204,403
988,5797230,470
989,5800254,337
990,5803280,254
991,5806305,264
992,5810765,282
993,5813760,366
994,5816755,421
995,5818408,241
996,5821440,162
997,5824465,9085
998,5827485,371
999,5830505,472
1000,5833530,408
1001,5836555,222
1002,5839590,197
1003,5842604,271
1004,5845640,352
1005,5848654,410
1006,5851690,334
1007,5854718,252
1008,5859759,9017
1009,5862755,311
1010,5864055,434
1011,5866806,393
1012,5869830,202
1013,5872855,224
1014,5875886,366
1015,5878911,393
1016,5881930,406
1017,5884954,296
1018,5887980,200
1019,5891004,258
1020,5894029,386
1021,5897055,516
1022,5900088,436
1023,5903105,9031
1024,5906754,9037
1025,5909755,9066
1026,5912752,442
1027,5915756,18110
1028,5918231,272
1029,5921264,145
1030,5924279,206
1031,5927312,311
1032,5930338,421
1033,5933354,392
1034,5936390,8997
1035,5939404,250
1036,5942438,9132
1037,5945456,437
1038,5948479,491
1039,5951504,302
1040,5955766,171
1041,5958752,286
1042,5961755,353
1043,5963607,420
1044,5966629,390
1045,5969664,222
1046,5972688,234
1047,5975718,285
1048,5978732,436
1049,5981759,482
1050,5984778,317
1051,5987802,235
1052,5990828,333
1053,5993861,9209
1054,5996877,405
1055,5999912,386
1056,6004755,218
1057,6007754,204
1058,6009021,293
1059,6012020,341
1060,6015031,399
1061,6018065,9115
1062,6021074,227
1063,6024101,294
1064,6027134,9342
1065,6030166,480
1066,6033174,422
1067,6036199,245
1068,6039225,230
1069,6042249,263
1070,6045286,394
1071,6048299,473
1072,6052754,363
1073,6055752,239
1074,6058754,303
1075,6060418,482
1076,6063443,17883
1077,6066461,396
1078,6069474,272
1079,6072499,258
1080,6075524,329
1081,6078559,9263
1082,6081574,426
1083,6084600,273
1084,6087624,230
1085,6090658,17822
1086,6093684,321
1087,6096699,361
1088,6100755,440
1089,6103765,233
1090,6105796,220
1091,6108798,324
1092,6111834,9283
1093,6114851,493
1094,6117873,344
1095,6120897,215
1096,6123934,277
1097,6126950,376
1098,6129987,480
1099,6132997,485
1100,6136022,212
1101,6139046,115
1102,6142072,243
1103,6145096,393
1104,6149755,428
1105,6152754,368
1106,6155754,273
1107,6157196,242
1108,6160222,330
1109,6163254,9393
1110,6166274,467
1111,6169305,9031
1112,6172320,196
1113,6175355,256
1114,6178370,375
1115,6181396,426
1116,6184433,339
1117,6187444,201
1118,6190468,239
1119,6193494,354
1120,6197757,9395
1121,6200754,375
1122,6202570,272
1123,6205595,294
1124,6208619,323
1125,6211654,397
1126,6214684,427
1127,6217693,334
1128,6220718,209
1129,6223750,268
1130,6226774,349
1131,6229793,460
1132,6232828,452
1133,6235847,272
1134,6238868,249
1135,6241893,325
1136,6246754,429
1137,6249755,512
1138,6252754,382
1139,6254149,66
1140,6257017,251
1141,6260054,334
1142,6263066,436
1143,6266107,461
1144,6269125,-8420
1145,6272154,301
1146,6275165,333
1147,6278192,383
1148,6281224,9361
1149,6284253,340
1150,6287265,161
1151,6290291,254
1152,6294754,301
1153,6297763,412
1154,6299372,413
1155,6302392,235
1156,6305416,198
1157,6308440,334
1158,6311466,431
1159,6314490,438
1160,6317515,375
1161,6320538,208
1162,6323574,17823
1163,6326588,303
1164,6329624,487
1165,6332639,434
1166,6335665,229
1167,6338689,191
1168,6342754,283
1169,6345753,373
1170,6348756,510
1171,6350797,434
1172,6353819,254
1173,6356841,284
1174,6359866,376
1175,6362900,458
1176,6365925,9369
1177,6368941,243
1178,6371966,211
1179,6374991,280
1180,6378016,360
1181,6381041,477
1182,6384066,381
1183,6387093,248
1184,6391754,259
1185,6394755,334
1186,6396168,428
1187,6399205,-8068
1188,6402228,313
1189,6405253,234
1190,6408277,284
1191,6411305,349
1192,6414330,516
1193,6417341,390
1194,6420366,156
1195,6423391,161
1196,6426426,288
1197,6429446,432
1198,6432472,465
1199,6435491,307
1200,6439755,156
1201,6442763,9059
1202,6445754,367
1203,6447594,427
1204,6450627,9268
1205,6453645,211
1206,6456665,203
1207,6459699,375
1208,6462721,453
1209,6465739,394
1210,6468773,213
1211,6471803,8973
1212,6474815,332
1213,6477850,447
1214,6480865,483
1215,6483899,9183
1216,6488755,172
1217,6491754,9022
1218,6493057,358
1219,6495993,18164
1220,6499029,498
1221,6502052,323
1222,6505077,197
1223,6508096,284
1224,6511117,370
1225,6514141,455
1226,6517166,419
1227,6520202,204
1228,6523227,160
1229,6526248,301
1230,6529268,467
1231,6532306,438
1232,6535756,9028
1233,6538753,71
1234,6541751,315
1235,6544754,375
1236,6547417,479
1237,6550442,393
1238,6553473,181
1239,6556494,171
1240,6559530,286
1241,6562541,401
1242,6565566,469
1243,6568600,9018
1244,6571623,184
1245,6574643,312
1246,6577680,375
1247,6580690,468
1248,6584754,373
1249,6587755,183
1250,6589774,194
1251,6592791,349
1252,6595815,424
1253,6598840,455
1254,6601865,337
1255,6604893,249
1256,6607925,245
1257,6610943,17841
1258,6613978,18065
1259,6616997,285
1260,6620024,8862
1261,6623039,231
1262,6626075,307
1263,6629100,422
1264,6633755,477
1265,6636753,333
1266,6639755,242
1267,6641194,306
1268,6644233,-8427
1269,6647238,472
1270,6650265,424
1271,6653298,8992
1272,6656319,243
1273,6659341,-8420
1274,6662378,444
1275,6665387,490
1276,6668414,306
1277,6671437,144
1278,6674467,225
1279,6677503,349
1280,6680755,18004
1281,6683752,432
1282,6686752,233
1283,6689752,251
1284,6692752,324
1285,6695752,17960
1286,6698682,480
1287,6701689,292
1288,6704725,8758
1289,6707748,271
1290,6710777,410
1291,6713803,438
1292,6716813,444
1293,6719841,286
1294,6722863,259
1295,6725893,17839
1296,6729756,347
1297,6732754,454
1298,6734967,309
1299,6738001,8783
1300,6741032,220
1301,6744040,360
1302,6747064,503
1303,6750090,478
1304,6753114,239
1305,6756143,178
1306,6759165,-8475
1307,6762190,397
1308,6765215,394
1309,6768240,259
1310,6771265,160
1311,6774292,8979
1312,6777754,307
1313,6780752,9235
1314,6783751,399
1315,6786755,256
1316,6789426,235
1317,6792445,284
1318,6795475,388
1319,6798490,514
1320,6801519,366
1321,6804540,236
1322,6807573,214
1323,6810593,9117
1324,6813617,476
1325,6816640,447
1326,6819666,247
1327,6822701,8893
1328,6825766,9022
1329,6830755,432
1330,6832206,452
1331,6834802,297
1332,6837831,212
1333,6840863,211
1334,6843869,298
1335,6846893,408
1336,6849918,384
1337,6852943,217
1338,6855968,205
1339,6858994,325
1340,6862018,398
1341,6865055,526
1342,6868069,307
1343,6871097,244
1344,6875755,238
1345,6878753,339
1346,6881754,424
1347,6883196,446
1348,6886231,230
1349,6889256,172
1350,6892276,316
1351,6895307,-8348
1352,6898333,357
1353,6901353,382
1354,6904370,191
1355,6907405,8976
1356,6910434,322
1357,6913446,429
1358,6916471,425
1359,6919497,280
1360,6923755,224
1361,6926765,307
1362,6928578,393
1363,6931599,472
1364,6934636,-8412
1365,6937662,226
1366,6940675,227
1367,6943704,-8378
1368,6946724,454
1369,6949769,9331
1370,6952787,239
1371,6955804,208
1372,6958824,302
1373,6961851,452
1374,6964876,500
1375,6967910,398
1376,6972755,216
1377,6975752,8954
1378,6978755,316
1379,6980167,405
1380,6983029,405
1381,6986052,308
1382,6989077,281
1383,6992113,9160
1384,6995128,423
1385,6998157,-8025
1386,7001193,346
1387,7004202,227
1388,7007228,298
1389,7010255,417
1390,7013283,-8341
1391,7016305,392
1392,7020768,214
1393,7023764,8976
1394,7025396,9002
1395,7028419,349
1396,7031445,505
1397,7034457,421
1398,7037482,276
1399,7040507,307
1400,7043533,407
1401,7046557,481
1402,7049594,408
1403,7052611,152
1404,7055648,8974
1405,7058659,343
1406,7061685,377
1407,7064709,515
1408,7067756,9129
1409,7072753,217
1410,7075755,245
1411,7077491,308
1412,7079837,468
1413,7082862,483
1414,7085885,269
1415,7088920,193
1416,7091939,239
1417,7094967,17852
1418,7097990,437
1419,7101014,392
1420,7104047,257
1421,7107063,287
1422,7110096,9286
1423,7113124,464
1424,7117756,437
1425,7120754,250
1426,7122188,168
1427,7125220,310
1428,7128243,378
1429,7131267,440
1430,7134288,389
1431,7137315,239
1432,7140339,312
1433,7143381,9170
1434,7146389,467
1435,7149415,421
1436,7152441,274
1437,7155465,155
1438,7158491,250
1439,7161525,9205
1440,7165756,481
1441,7168751,9186
1442,7171755,232
1443,7173622,262
1444,7176652,346
1445,7179671,418
1446,7182695,453
1447,7185732,271
1448,7188750,223
1449,7191776,272
1450,7194803,9294
1451,7197823,-8001
1452,7200844,417
1453,7203871,234
1454,7206895,256
1455,7209921,341
1456,7214756,434
1457,7217754,458
1458,7219032,298
1459,7222040,8984
1460,7225058,328
1461,7228073,412
1462,7231100,506
1463,7234123,424
1464,7237147,283
1465,7240173,273
1466,7243197,358
1467,7246233,9418
1468,7249248,514
1469,7252276,284
1470,7255297,187
1471,7258335,17855
1472,7262756,386
1473,7265764,18064
1474,7268753,428
1475,7270427,227
1476,7273463,241
1477,7276479,374
1478,7279512,9464
1479,7282528,438
1480,7285551,234
1481,7288576,164
1482,7291602,282
1483,7294637,347
1484,7297664,422
1485,7300676,391
1486,7303702,215
1487,7306727,248
1488,7311754,350
1489,7314756,9378
1490,7317754,476
1491,7319182,319
1492,7321856,241
1493,7324878,301
1494,7327902,375
1495,7330939,9435
1496,7333973,-8383
1497,7336979,163
1498,7340004,215
1499,7343030,381
1500,7346054,441
1501,7349080,463
1502,7352113,301
1503,7355130,226
1504,7359754,329
1505,7362767,399
1506,7364402,9450
1507,7367245,415
1508,7370269,219
1509,7373290,235
1510,7376321,345
1511,7379345,467
1512,7382357,524
1513,7385383,362
1514,7388408,222
1515,7391444,272
1516,7394462,356
1517,7397495,437
1518,7400509,381
1519,7403534,268
1520,7407755,262
1521,7410752,371
1522,7413754,436
1523,7415647,9315
1524,7418673,311
1525,7421696,9022
1526,7424718,289
1527,7427753,337
1528,7430767,465
1529,7433786,458
1530,7436821,252
1531,7439836,256
1532,7442873,315
1533,7445886,451
1534,7448920,9493
1535,7451937,333
1536,7456754,288
1537,7459755,298
1538,7461013,329
1539,7464041,448
1540,7467077,428
1541,7470092,270
1542,7473124,257
1543,7476139,323
1544,7479163,411
1545,7482189,465
1546,7485224,-8453
1547,7488241,193
1548,7491274,288
1549,7494291,371
1550,7497323,-8271
1551,7500351,433
1552,7504755,253
1553,7507753,260
1554,7510754,369
1555,7512457,448
1556,7515477,515
1557,7518508,344
1558,7521527,238
1559,7524556,296
1560,7527567,347
1561,7530594,466
1562,7533627,9395
1563,7536648,336
1564,7539671,298
1565,7542695,325
1566,7545719,406
1567,7548752,471
1568,7553755,345
1569,7556754,242
1570,7558041,9092
1571,7560847,379
1572,7563872,458
1573,7566907,454
1574,7569930,296
1575,7572947,286
1576,7575982,322
1577,7578997,371
1578,7582032,514
1579,7585047,374
1580,7588073,223
1581,7591097,252
1582,7594123,327
1583,7597148,471
1584,7601758,443
1585,7604753,225
1586,7607755,217
1587,7609509,320
1588,7612286,433
1589,7615316,500
1590,7618335,9129
1591,7621355,173
1592,7624376,280
1593,7627402,362
1594,7630433,-8306
1595,7633466,488
1596,7636477,278
1597,7639513,8947
1598,7642527,250
1599,7645562,400
1600,7649754,489
1601,7652757,9115
1602,7654637,214
1603,7657653,291
1604,7660680,354
1605,7663704,511
1606,7666731,521
1607,7669765,316
1608,7672781,180
1609,7675806,280
1610,7678832,437
1611,7681856,502
1612,7684882,341
1613,7687906,198
1614,7690932,231
1615,7693960,352
1616,7698754,478
1617,7701753,417
1618,7704755,216
1619,7706207,8776
1620,7709096,276
1621,7712119,424
1622,7715135,498
1623,7718166,348
1624,7721187,218
1625,7724209,235
1626,7727235,355
1627,7730260,476
1628,7733289,-8142
1629,7736319,8925
1630,7739336,248
1631,7742371,308
1632,7746757,408
1633,7749754,490
1634,7751439,356
1635,7754481,213
1636,7757490,9021
1637,7760525,360
1638,7763549,432
1639,7766563,417
1640,7769598,8974
1641,7772614,50
1642,7775638,278
1643,7778663,414
1644,7781690,462
1645,7784714,372
1646,7787747,231
1647,7790770,267
1648,7795754,328
1649,7798752,413
1650,7801767,469
1651,7803185,270
1652,7805894,185
1653,7808917,277
1654,7811941,437
1655,7814967,557
1656,7818002,360
1657,7821021,178
1658,7824043,285
1659,7827069,9178
1660,7830102,474
1661,7833120,463
1662,7836142,263
1663,7839168,235
1664,7843763,337
1665,7846754,18232
1666,7848249,504
1667,7851267,383
1668,7854304,8896
1669,7857321,282
1670,7860342,356
1671,7863365,416
1672,7866406,17974
1673,7869431,260
1674,7872440,195
1675,7875477,304
1676,7878496,17895
1677,7881517,454
1678,7884542,412
1679,7887578,9055
1680,7891755,275
1681,7894754,306
1682,7897754,421
1683,7899674,484
1684,7902709,17827
1685,7905721,230
1686,7908748,332
1687,7911774,389
1688,7914792,448
1689,7917828,414
1690,7920857,244
1691,7923865,275
1692,7926893,363
1693,7929928,454
1694,7932950,18027
1695,7935977,268
1696,7939757,8882
1697,7942752,284
1698,7945754,343
1699,7948070,451
1700,7951097,391
1701,7954118,187
1702,7957150,244
1703,7960183,349
1704,7963193,429
1705,7966227,9161
1706,7969254,214
1707,7972274,40
1708,7975293,248
1709,7978318,360
1710,7981343,463
1711,7984378,442
1712,7988756,278
1713,7991755,9033
1714,7993451,9154
1715,7996480,415
1716,7999493,420
1717,8002518,258
1718,8005543,158
1719,8008568,268
1720,8011593,407
1721,8014618,485
1722,8017653,442
1723,8020680,9047
1724,8023702,271
1725,8026718,355
1726,8029759,463
1727,8032784,479
1728,8037762,289
1729,8040754,8779
1730,8043757,277
1731,8045556,408
1732,8047896,521
1733,8050919,459
1734,8053944,249
1735,8056978,9057
1736,8059999,323
1737,8063022,421
1738,8066044,440
1739,8069068,286
1740,8072094,179
1741,8075119,276
1742,8078150,416
1743,8081183,530
1744,8084756,429
1745,8087754,258
1746,8090256,235
1747,8093285,9082
1748,8096297,420
1749,8099330,502
1750,8102346,328
1751,8105374,8914
1752,8108400,404
1753,8111427,370
1754,8114448,450
1755,8117473,393
1756,8120498,195
1757,8123524,206
1758,8126549,288
1759,8129585,435
1760,8133754,498
1761,8136751,354
1762,8139757,218
1763,8141691,9078
1764,8144703,417
1765,8147726,580
1766,8150757,459
1767,8153778,266
1768,8156801,273
1769,8159828,333
1770,8162852,405
1771,8165878,431
1772,8168912,293
1773,8171936,191
1774,8174963,266
1775,8177990,349
1776,8182756,453
1777,8185754,410
1778,8187070,213
1779,8190082,248
1780,8193119,9127
1781,8196133,468
1782,8199158,-8263
1783,8202181,320
1784,8205216,232
1785,8208242,318
1786,8211265,314
1787,8214285,17973
1788,8217319,419
1789,8220345,235
1790,8223357,252
1791,8226392,9196
1792,8230754,413
1793,8233752,446
1794,8236755,238
1795,8238484,170
1796,8241510,236
1797,8244547,376
1798,8247561,9246
1799,8250596,426
1800,8253607,261
1801,8256633,210
1802,8259657,384
1803,8262685,435
1804,8265722,428
1805,8268733,309
1806,8271765,232
1807,8274794,301
1808,8279762,309
1809,8282754,9475
1810,8284413,438
1811,8286886,260
1812,8289909,241
1813,8292935,321
1814,8295978,489
1815,8298998,448
1816,8302007,316
1817,8305033,197
1818,8308057,295
1819,8311092,9150
1820,8314111,-8036
1821,8317138,428
1822,8320157,332
1823,8323184,313
1824,8327757,9074
1825,8330754,461
1826,8333754,486
1827,8335285,314
1828,8338311,130
1829,8341345,217
1830,8344370,9142
1831,8347389,540
1832,8350409,474
1833,8353437,321
1834,8356458,288
1835,8359495,330
1836,8362519,353
1837,8365548,442
1838,8368562,298
1839,8371584,200
1840,8375755,301
1841,8378756,370
1842,8380664,338
1843,8383684,476
1844,8386709,264
1845,8389733,238
1846,8392765,327
1847,8395794,9277
1848,8398808,432
1849,8401834,311
1850,8404859,172
1851,8407884,229
1852,8410919,344
1853,8413942,457
1854,8416959,442
1855,8419983,277
1856,8424754,211
1857,8427752,305
1858,8430769,9315
1859,8432148,489
1860,8435127,9314
1861,8438133,265
1862,8441158,331
1863,8444187,-8322
1864,8447219,455
1865,8450244,410
1866,8453270,237
1867,8456287,8982
1868,8459321,363
1869,8462335,424
1870,8465359,458
1871,8468382,368
1872,8472755,195
1873,8475755,216
1874,8477460,298
1875,8480498,9373
1876,8483512,300
1877,8486534,250
1878,8489558,171
1879,8492584,299
1880,8495608,355
1881,8498647,456
1882,8501659,356
1883,8504684,196
1884,8507708,266
1885,8510734,359
1886,8513773,9426
1887,8516794,436
1888,8521755,277
1889,8524753,232
1890,8527754,9052
1891,8529473,404
1892,8531920,420
1893,8534934,287
1894,8537959,135
1895,8540982,192
1896,8544009,324
1897,8547043,452
1898,8550059,447
1899,8553082,254
1900,8556109,203
1901,8559132,253
1902,8562159,362
1903,8565192,9470
1904,8569755,346
1905,8572753,185
1906,8575754,243
1907,8577294,308
1908,8580325,-8343
1909,8583351,336
1910,8586361,301
1911,8589382,242
1912,8592419,302
1913,8595432,380
1914,8598468,9433
1915,8601492,414
1916,8604523,275
1917,8607536,332
1918,8610559,378
1919,8613582,449
1920,8617755,478
1921,8620754,245
1922,8622664,165
1923,8625694,271
1924,8628715,380
1925,8631754,472
1926,8634785,17886
1927,8637797,241
1928,8640808,226
1929,8643833,298
1930,8646858,439
1931,8649892,9344
1932,8652922,272
1933,8655933,229
1934,8658959,318
1935,8661994,17967
1936,8666754,484
1937,8669765,391
1938,8672754,258
1939,8674185,269
1940,8677116,9050
1941,8680136,438
1942,8683170,9384
1943,8686189,294
1944,8689209,248
1945,8692235,317
1946,8695266,382
1947,8698286,-8293
1948,8701314,9183
1949,8704341,238
1950,8707360,269
1951,8710383,311
1952,8714764,387
1953,8717766,408
1954,8719464,273
1955,8722486,177
1956,8725508,229
1957,8728534,323
1958,8731569,407
1959,8734594,9201
1960,8737610,124
1961,8740634,248
1962,8743659,332
1963,8746692,17843
1964,8749718,507
1965,8752754,301
1966,8755764,220
1967,8758783,258
1968,8763755,351
1969,8766753,435
1970,8769755,348
1971,8771186,202
1972,8773910,241
1973,8776932,361
1974,8779962,751
1975,8782996,456
1976,8786011,300
1977,8789032,209
1978,8792058,273
1979,8795082,359
1980,8798109,487
1981,8801132,371
1982,8804158,191
1983,8807192,222
1984,8811755,377
1985,8814754,556
1986,8816262,542
1987,8819296,9120
1988,8822322,215
1989,8825333,287
1990,8828358,371
1991,8831383,495
1992,8834407,406
1993,8837433,217
1994,8840468,311
1995,8843498,445
1996,8846521,432
1997,8849531,453
1998,8852567,9037
1999,8855582,142
2000,8859755,208
2001,8862753,307
2002,8865755,466
2003,8867687,434
2004,8870722,247
2005,8873737,208
2006,8876777,326
2007,8879784,518
2008,8882808,492
2009,8885833,315
2010,8888858,257
2011,8891883,308
2012,8894918,387
2013,8897941,513
2014,8900967,425
2015,8903993,263
2016,8908755,224
2017,8911754,286
2018,8913057,444
2019,8916092,293
2020,8919107,245
2021,8922136,141
2022,8925168,239
2023,8928194,311
2024,8931207,464
2025,8934231,437
2026,8937262,266
2027,8940284,8946
2028,8943320,-8409
2029,8946345,445
2030,8949357,509
2031,8952381,336
2032,8956755,188
2033,8959753,301
2034,8962764,407
2035,8964521,530
2036,8967508,478
2037,8970532,202
2038,8973573,190
2039,8976588,300
2040,8979617,9171
2041,8982644,453
2042,8985657,288
2043,8988682,180
2044,8991718,284
2045,8994735,-8402
2046,8997771,498
2047,9000783,448
2048,9005756,9022
2049,9008754,259
2050,9010062,345
2051,9012887,425
2052,9015922,483
2053,9018939,295
2054,9021974,8939
2055,9024989,287
2056,9028013,385
2057,9031037,440
2058,9034063,432
2059,9037098,223
2060,9040113,214
2061,9043148,323
2062,9046164,422
2063,9049197,424
2064,9053755,320
2065,9056756,8811
2066,9059760,249
2067,9061290,343
2068,9064325,458
2069,9067350,426
2070,9070374,241
2071,9073407,278
2072,9076417,361
2073,9079453,491
2074,9082464,530
2075,9085490,398
2076,9088515,260
2077,9091541,329
2078,9094565,359
2079,9097602,397
2080,9101754,442
2081,9104767,335
2082,9106680,9095
2083,9109699,298
2084,9112716,417
2085,9115749,492
2086,9118774,339
2087,9121792,214
2088,9124817,278
2089,9127845,331
2090,9130880,310
2091,9133892,442
2092,9136917,222
2093,9139952,8888
2094,9142970,319
2095,9146005,428
2096,9150755,507
2097,9153752,358
2098,9156754,186
2099,9158183,237
2100,9161121,378
2101,9164143,505
2102,9167168,446
2103,9170193,206
2104,9173228,193
2105,9176254,344
2106,9179278,450
2107,9182297,-8076
2108,9185332,330
2109,9188344,8981
2110,9191376,9067
2111,9194395,367
2112,9198754,-8303
2113,9201755,409
2114,9203478,288
2115,9206510,265
2116,9209522,296
2117,9212546,419
2118,9215580,546
2119,9218598,529
2120,9221622,8926
2121,9224653,263
2122,9227674,-8392
2123,9230706,487
2124,9233723,463
2125,9236754,153
2126,9239777,195
2127,9242797,332
